norm 0.0 1.0 200
1 2
1 3
3 5
4 5
4 6
1 8
3 8
5 8
4 9
5 9
6 9
4 10
6 10
9 10
7 11
4 12
6 12
9 12
10 12
4 13
5 13
8 13
9 13
10 13
12 13
1 14
2 14
1 15
3 15
5 15
8 15
13 15
6 16
7 16
10 16
11 16
12 16
4 17
6 17
9 17
10 17
12 17
13 17
16 17
4 18
6 18
9 18
10 18
12 18
13 18
16 18
17 18
1 19
2 19
14 19
4 20
5 20
6 20
9 20
10 20
12 20
13 20
17 20
18 20
0 21
14 21
19 21
1 22
2 22
3 22
8 22
14 22
15 22
19 22
7 23
11 23
6 24
7 24
10 24
11 24
12 24
16 24
17 24
18 24
20 24
4 25
6 25
10 25
12 25
16 25
17 25
18 25
20 25
24 25
1 26
2 26
3 26
8 26
14 26
15 26
19 26
22 26
4 27
5 27
9 27
10 27
12 27
13 27
17 27
18 27
20 27
1 28
2 28
3 28
8 28
14 28
15 28
19 28
22 28
26 28
4 29
5 29
6 29
9 29
10 29
12 29
13 29
17 29
18 29
20 29
25 29
27 29
1 30
2 30
3 30
5 30
8 30
15 30
22 30
26 30
28 30
0 31
1 32
3 32
5 32
8 32
13 32
15 32
22 32
26 32
27 32
30 32
3 34
4 34
5 34
8 34
9 34
13 34
15 34
27 34
29 34
30 34
32 34
4 35
6 35
9 35
10 35
12 35
16 35
17 35
18 35
20 35
24 35
25 35
29 35
1 36
2 36
14 36
19 36
22 36
26 36
28 36
30 36
1 37
2 37
14 37
19 37
22 37
26 37
28 37
36 37
3 38
4 38
5 38
8 38
9 38
13 38
15 38
27 38
29 38
30 38
32 38
34 38
4 39
5 39
6 39
9 39
10 39
12 39
13 39
17 39
18 39
20 39
27 39
29 39
34 39
38 39
3 40
4 40
5 40
8 40
9 40
13 40
15 40
27 40
29 40
30 40
32 40
34 40
38 40
39 40
6 41
7 41
11 41
16 41
23 41
24 41
25 41
35 41
1 42
2 42
3 42
8 42
15 42
19 42
22 42
26 42
28 42
30 42
32 42
34 42
36 42
37 42
38 42
33 43
4 44
6 44
9 44
10 44
12 44
16 44
17 44
18 44
20 44
24 44
25 44
29 44
35 44
39 44
41 44
0 45
21 45
0 46
31 46
45 46
1 47
2 47
14 47
19 47
22 47
26 47
28 47
30 47
36 47
37 47
42 47
7 48
11 48
16 48
23 48
41 48
4 49
6 49
9 49
10 49
12 49
13 49
16 49
17 49
18 49
20 49
24 49
25 49
27 49
29 49
35 49
39 49
44 49
4 50
5 50
6 50
9 50
10 50
12 50
13 50
17 50
18 50
20 50
27 50
29 50
34 50
35 50
38 50
39 50
40 50
44 50
49 50
6 51
7 51
11 51
16 51
23 51
24 51
25 51
35 51
41 51
44 51
48 51
1 52
2 52
14 52
19 52
21 52
26 52
28 52
36 52
37 52
47 52
6 53
7 53
10 53
11 53
12 53
16 53
17 53
18 53
24 53
25 53
35 53
41 53
44 53
48 53
49 53
51 53
7 54
11 54
16 54
23 54
41 54
48 54
51 54
53 54
6 55
7 55
11 55
12 55
16 55
18 55
23 55
24 55
25 55
35 55
41 55
44 55
48 55
51 55
53 55
54 55
1 56
2 56
3 56
8 56
14 56
15 56
19 56
22 56
26 56
28 56
30 56
36 56
37 56
42 56
47 56
52 56
3 57
4 57
5 57
8 57
9 57
13 57
15 57
20 57
27 57
29 57
30 57
32 57
34 57
38 57
39 57
40 57
50 57
1 58
2 58
14 58
19 58
22 58
26 58
28 58
36 58
37 58
42 58
47 58
52 58
56 58
3 59
5 59
8 59
9 59
13 59
15 59
22 59
27 59
30 59
32 59
34 59
38 59
39 59
40 59
42 59
50 59
57 59
7 60
11 60
16 60
23 60
41 60
48 60
51 60
53 60
54 60
55 60
1 61
2 61
3 61
8 61
14 61
15 61
19 61
22 61
26 61
28 61
30 61
36 61
37 61
42 61
47 61
52 61
56 61
58 61
6 62
7 62
11 62
16 62
23 62
24 62
25 62
35 62
41 62
44 62
48 62
51 62
53 62
54 62
55 62
60 62
1 63
2 63
3 63
8 63
14 63
15 63
19 63
22 63
26 63
28 63
30 63
32 63
36 63
37 63
42 63
47 63
56 63
58 63
59 63
61 63
0 64
21 64
45 64
46 64
6 65
7 65
11 65
16 65
23 65
24 65
25 65
35 65
41 65
44 65
48 65
51 65
53 65
54 65
55 65
60 65
62 65
4 66
5 66
6 66
9 66
10 66
12 66
13 66
17 66
18 66
20 66
24 66
25 66
27 66
29 66
34 66
35 66
38 66
39 66
40 66
44 66
49 66
50 66
57 66
1 67
2 67
3 67
8 67
15 67
19 67
22 67
26 67
28 67
30 67
32 67
34 67
36 67
37 67
38 67
42 67
47 67
56 67
58 67
59 67
61 67
63 67
4 68
6 68
9 68
10 68
12 68
13 68
16 68
17 68
18 68
20 68
24 68
25 68
27 68
29 68
35 68
39 68
44 68
49 68
50 68
53 68
55 68
66 68
3 69
4 69
5 69
8 69
9 69
10 69
13 69
15 69
17 69
20 69
27 69
29 69
32 69
34 69
38 69
39 69
40 69
49 69
50 69
57 69
59 69
66 69
1 70
3 70
5 70
8 70
15 70
22 70
26 70
28 70
30 70
32 70
34 70
38 70
40 70
42 70
56 70
57 70
59 70
61 70
63 70
67 70
1 71
2 71
14 71
19 71
22 71
26 71
28 71
30 71
36 71
37 71
42 71
47 71
52 71
56 71
58 71
61 71
63 71
67 71
33 72
43 72
3 73
4 73
5 73
8 73
9 73
10 73
13 73
15 73
17 73
20 73
27 73
29 73
32 73
34 73
38 73
39 73
40 73
49 73
50 73
57 73
59 73
66 73
69 73
4 74
6 74
9 74
10 74
12 74
16 74
17 74
18 74
20 74
24 74
25 74
29 74
35 74
41 74
44 74
49 74
51 74
53 74
55 74
62 74
65 74
66 74
68 74
6 75
7 75
10 75
11 75
12 75
16 75
17 75
18 75
24 75
25 75
35 75
41 75
44 75
48 75
49 75
51 75
53 75
54 75
55 75
60 75
62 75
65 75
68 75
74 75
23 76
33 76
43 76
4 77
5 77
6 77
9 77
10 77
12 77
13 77
17 77
18 77
20 77
24 77
25 77
27 77
29 77
35 77
38 77
39 77
40 77
44 77
49 77
50 77
57 77
66 77
68 77
69 77
73 77
74 77
4 78
6 78
9 78
10 78
12 78
13 78
16 78
17 78
18 78
20 78
24 78
25 78
27 78
29 78
35 78
39 78
44 78
49 78
50 78
53 78
66 78
68 78
73 78
74 78
75 78
77 78
1 79
2 79
3 79
8 79
15 79
22 79
26 79
28 79
30 79
32 79
34 79
36 79
37 79
38 79
40 79
42 79
47 79
56 79
58 79
59 79
61 79
63 79
67 79
70 79
71 79
0 80
21 80
45 80
46 80
64 80
4 81
5 81
6 81
9 81
10 81
12 81
13 81
17 81
18 81
20 81
27 81
29 81
34 81
38 81
39 81
40 81
44 81
49 81
50 81
57 81
59 81
66 81
68 81
69 81
73 81
77 81
78 81
4 82
5 82
6 82
9 82
10 82
12 82
13 82
17 82
18 82
20 82
27 82
29 82
32 82
34 82
38 82
39 82
40 82
44 82
49 82
50 82
57 82
59 82
66 82
68 82
69 82
73 82
77 82
78 82
81 82
4 83
6 83
9 83
10 83
12 83
13 83
16 83
17 83
18 83
20 83
24 83
25 83
27 83
29 83
35 83
39 83
44 83
49 83
50 83
53 83
66 83
68 83
69 83
73 83
74 83
75 83
77 83
78 83
81 83
82 83
4 84
5 84
6 84
9 84
10 84
12 84
13 84
17 84
18 84
20 84
27 84
29 84
32 84
34 84
38 84
39 84
40 84
44 84
49 84
50 84
57 84
59 84
66 84
68 84
69 84
73 84
77 84
78 84
81 84
82 84
83 84
1 85
2 85
14 85
19 85
22 85
26 85
28 85
30 85
36 85
37 85
42 85
47 85
52 85
56 85
58 85
61 85
63 85
67 85
71 85
79 85
2 86
14 86
19 86
21 86
36 86
37 86
47 86
52 86
58 86
64 86
71 86
85 86
1 87
2 87
3 87
8 87
14 87
15 87
19 87
22 87
26 87
28 87
30 87
32 87
36 87
37 87
42 87
47 87
52 87
56 87
58 87
61 87
63 87
67 87
70 87
71 87
79 87
85 87
4 88
6 88
9 88
10 88
12 88
13 88
16 88
17 88
18 88
20 88
24 88
25 88
27 88
29 88
35 88
39 88
44 88
49 88
50 88
53 88
55 88
66 88
68 88
74 88
75 88
77 88
78 88
81 88
82 88
83 88
84 88
1 89
3 89
5 89
8 89
15 89
22 89
26 89
28 89
30 89
32 89
34 89
38 89
40 89
42 89
56 89
57 89
59 89
61 89
63 89
67 89
69 89
70 89
73 89
79 89
87 89
4 90
5 90
6 90
9 90
10 90
12 90
13 90
17 90
18 90
20 90
24 90
25 90
27 90
29 90
35 90
39 90
40 90
44 90
49 90
50 90
57 90
66 90
68 90
69 90
73 90
74 90
77 90
78 90
81 90
82 90
83 90
84 90
88 90
0 91
14 91
21 91
45 91
46 91
52 91
64 91
80 91
86 91
3 92
4 92
5 92
8 92
9 92
13 92
15 92
27 92
29 92
30 92
32 92
34 92
38 92
39 92
40 92
42 92
50 92
57 92
59 92
67 92
69 92
70 92
73 92
79 92
81 92
82 92
84 92
89 92
4 93
6 93
9 93
10 93
12 93
13 93
16 93
17 93
18 93
20 93
24 93
25 93
27 93
29 93
35 93
39 93
44 93
49 93
50 93
53 93
55 93
66 93
68 93
74 93
75 93
77 93
78 93
81 93
82 93
83 93
84 93
88 93
90 93
6 94
7 94
11 94
12 94
16 94
18 94
24 94
25 94
35 94
41 94
44 94
48 94
49 94
51 94
53 94
54 94
55 94
60 94
62 94
65 94
68 94
74 94
75 94
78 94
83 94
88 94
93 94
3 95
4 95
5 95
8 95
9 95
13 95
15 95
27 95
29 95
30 95
32 95
34 95
38 95
39 95
40 95
50 95
57 95
59 95
66 95
69 95
70 95
73 95
77 95
79 95
81 95
82 95
84 95
89 95
90 95
92 95
7 96
11 96
16 96
23 96
41 96
48 96
51 96
53 96
54 96
55 96
60 96
62 96
65 96
75 96
94 96
7 97
23 97
33 97
48 97
54 97
60 97
76 97
96 97
1 98
3 98
5 98
8 98
15 98
22 98
26 98
28 98
30 98
32 98
34 98
38 98
40 98
42 98
56 98
57 98
59 98
61 98
63 98
67 98
69 98
70 98
79 98
87 98
89 98
92 98
95 98
23 99
33 99
43 99
76 99
97 99
1 100
2 100
14 100
19 100
21 100
26 100
28 100
36 100
37 100
47 100
52 100
56 100
58 100
61 100
71 100
85 100
86 100
87 100
91 100
4 101
5 101
8 101
9 101
10 101
12 101
13 101
15 101
17 101
20 101
27 101
29 101
32 101
34 101
38 101
39 101
40 101
49 101
50 101
57 101
59 101
66 101
68 101
69 101
73 101
77 101
78 101
81 101
82 101
83 101
84 101
88 101
90 101
92 101
93 101
95 101
1 102
3 102
5 102
8 102
15 102
22 102
26 102
28 102
30 102
32 102
34 102
38 102
40 102
42 102
56 102
57 102
59 102
61 102
63 102
67 102
69 102
70 102
73 102
79 102
87 102
89 102
92 102
95 102
98 102
101 102
3 103
4 103
5 103
8 103
9 103
10 103
13 103
15 103
17 103
20 103
27 103
29 103
32 103
34 103
38 103
39 103
40 103
50 103
57 103
59 103
66 103
69 103
70 103
73 103
77 103
81 103
82 103
84 103
89 103
90 103
92 103
95 103
98 103
101 103
102 103
7 104
11 104
16 104
23 104
41 104
48 104
51 104
53 104
54 104
55 104
60 104
62 104
65 104
75 104
94 104
96 104
97 104
1 105
2 105
14 105
19 105
21 105
22 105
26 105
28 105
36 105
37 105
42 105
47 105
52 105
56 105
58 105
61 105
63 105
67 105
71 105
85 105
86 105
87 105
100 105
1 106
2 106
3 106
5 106
8 106
15 106
22 106
26 106
28 106
30 106
32 106
34 106
38 106
40 106
42 106
47 106
56 106
57 106
59 106
61 106
63 106
67 106
70 106
71 106
79 106
85 106
87 106
89 106
92 106
95 106
98 106
102 106
4 107
6 107
9 107
10 107
12 107
13 107
16 107
17 107
18 107
20 107
24 107
25 107
27 107
29 107
35 107
39 107
44 107
49 107
50 107
53 107
55 107
66 107
68 107
74 107
75 107
77 107
78 107
81 107
82 107
83 107
84 107
88 107
90 107
93 107
94 107
101 107
4 108
5 108
6 108
9 108
10 108
12 108
13 108
17 108
18 108
20 108
25 108
27 108
29 108
34 108
35 108
38 108
39 108
40 108
44 108
49 108
50 108
57 108
66 108
68 108
69 108
73 108
74 108
77 108
78 108
81 108
82 108
83 108
84 108
88 108
90 108
92 108
93 108
95 108
101 108
103 108
107 108
0 109
21 109
45 109
46 109
64 109
80 109
86 109
91 109
1 110
2 110
3 110
8 110
15 110
22 110
26 110
28 110
30 110
32 110
34 110
36 110
37 110
38 110
42 110
47 110
56 110
58 110
59 110
61 110
63 110
67 110
70 110
71 110
79 110
85 110
87 110
89 110
92 110
98 110
102 110
105 110
106 110
0 111
21 111
45 111
46 111
64 111
80 111
86 111
91 111
100 111
109 111
4 112
5 112
6 112
9 112
10 112
12 112
13 112
17 112
18 112
20 112
27 112
29 112
34 112
35 112
38 112
39 112
40 112
44 112
49 112
50 112
57 112
59 112
66 112
68 112
69 112
73 112
77 112
78 112
81 112
82 112
83 112
84 112
88 112
90 112
92 112
93 112
95 112
101 112
103 112
107 112
108 112
1 113
2 113
14 113
19 113
21 113
22 113
26 113
28 113
36 113
37 113
47 113
52 113
56 113
58 113
61 113
63 113
71 113
85 113
86 113
87 113
91 113
100 113
105 113
4 114
6 114
9 114
10 114
12 114
13 114
16 114
17 114
18 114
20 114
24 114
25 114
27 114
29 114
35 114
39 114
41 114
44 114
49 114
50 114
53 114
55 114
62 114
65 114
66 114
68 114
74 114
75 114
77 114
78 114
81 114
82 114
83 114
84 114
88 114
90 114
93 114
94 114
107 114
108 114
112 114
6 115
7 115
10 115
11 115
12 115
16 115
17 115
18 115
20 115
24 115
25 115
35 115
41 115
44 115
49 115
51 115
53 115
55 115
62 115
65 115
68 115
74 115
75 115
77 115
78 115
83 115
88 115
90 115
93 115
94 115
96 115
107 115
114 115
4 116
5 116
6 116
9 116
10 116
12 116
13 116
17 116
18 116
20 116
25 116
27 116
29 116
34 116
35 116
38 116
39 116
40 116
44 116
49 116
50 116
57 116
66 116
68 116
69 116
73 116
74 116
77 116
78 116
81 116
82 116
83 116
84 116
88 116
90 116
92 116
93 116
95 116
101 116
103 116
107 116
108 116
112 116
114 116
3 117
4 117
5 117
8 117
9 117
13 117
15 117
20 117
27 117
29 117
30 117
32 117
34 117
38 117
39 117
40 117
50 117
57 117
59 117
66 117
69 117
70 117
73 117
77 117
81 117
82 117
84 117
89 117
90 117
92 117
95 117
98 117
101 117
102 117
103 117
106 117
108 117
112 117
116 117
3 118
4 118
5 118
8 118
9 118
13 118
15 118
27 118
29 118
30 118
32 118
34 118
38 118
39 118
40 118
50 118
57 118
59 118
66 118
69 118
70 118
73 118
77 118
79 118
81 118
82 118
84 118
89 118
92 118
95 118
98 118
101 118
102 118
103 118
106 118
108 118
112 118
116 118
117 118
4 119
6 119
9 119
10 119
12 119
13 119
16 119
17 119
18 119
20 119
24 119
25 119
27 119
29 119
35 119
39 119
44 119
49 119
50 119
53 119
66 119
68 119
69 119
73 119
74 119
75 119
77 119
78 119
81 119
82 119
83 119
84 119
88 119
90 119
93 119
101 119
103 119
107 119
108 119
112 119
114 119
115 119
116 119
6 120
7 120
10 120
11 120
12 120
16 120
17 120
18 120
20 120
24 120
25 120
35 120
41 120
44 120
48 120
49 120
51 120
53 120
55 120
60 120
62 120
65 120
68 120
74 120
75 120
78 120
83 120
88 120
93 120
94 120
96 120
104 120
107 120
114 120
115 120
119 120
0 121
14 121
19 121
21 121
37 121
45 121
52 121
58 121
64 121
80 121
86 121
91 121
100 121
105 121
109 121
111 121
113 121
3 122
4 122
5 122
8 122
9 122
13 122
15 122
27 122
29 122
30 122
32 122
34 122
38 122
39 122
40 122
50 122
57 122
59 122
66 122
69 122
70 122
73 122
77 122
79 122
81 122
82 122
84 122
89 122
90 122
92 122
95 122
98 122
101 122
102 122
103 122
106 122
108 122
112 122
116 122
117 122
118 122
1 123
2 123
3 123
5 123
8 123
15 123
22 123
26 123
28 123
30 123
32 123
34 123
38 123
40 123
42 123
47 123
56 123
57 123
59 123
61 123
63 123
67 123
70 123
71 123
79 123
85 123
87 123
89 123
92 123
95 123
98 123
102 123
106 123
110 123
117 123
118 123
122 123
1 124
2 124
3 124
14 124
19 124
22 124
26 124
28 124
30 124
36 124
37 124
42 124
47 124
52 124
56 124
58 124
61 124
63 124
67 124
70 124
71 124
79 124
85 124
86 124
87 124
89 124
98 124
100 124
105 124
106 124
110 124
113 124
123 124
3 125
4 125
5 125
8 125
9 125
13 125
15 125
27 125
29 125
30 125
32 125
34 125
38 125
39 125
40 125
50 125
57 125
59 125
66 125
69 125
70 125
73 125
77 125
79 125
81 125
82 125
84 125
89 125
90 125
92 125
95 125
98 125
101 125
102 125
103 125
106 125
108 125
112 125
116 125
117 125
118 125
122 125
123 125
4 126
5 126
8 126
9 126
10 126
12 126
13 126
15 126
17 126
20 126
27 126
29 126
32 126
34 126
38 126
39 126
40 126
49 126
50 126
57 126
59 126
66 126
68 126
69 126
73 126
77 126
78 126
81 126
82 126
83 126
84 126
88 126
90 126
92 126
93 126
95 126
101 126
102 126
103 126
107 126
108 126
112 126
116 126
117 126
118 126
119 126
122 126
125 126
1 127
2 127
3 127
8 127
14 127
15 127
19 127
22 127
26 127
28 127
30 127
32 127
36 127
37 127
42 127
47 127
52 127
56 127
58 127
59 127
61 127
63 127
67 127
70 127
71 127
79 127
85 127
87 127
89 127
98 127
102 127
105 127
106 127
110 127
113 127
123 127
124 127
4 128
5 128
6 128
9 128
10 128
12 128
13 128
17 128
18 128
20 128
24 128
25 128
27 128
29 128
35 128
39 128
44 128
49 128
50 128
57 128
66 128
68 128
69 128
73 128
74 128
77 128
78 128
81 128
82 128
83 128
84 128
88 128
90 128
93 128
101 128
103 128
107 128
108 128
112 128
114 128
115 128
116 128
117 128
119 128
120 128
126 128
1 129
2 129
3 129
8 129
15 129
22 129
26 129
28 129
30 129
32 129
34 129
36 129
38 129
40 129
42 129
47 129
56 129
59 129
61 129
63 129
67 129
70 129
71 129
79 129
85 129
87 129
89 129
92 129
95 129
98 129
102 129
106 129
110 129
117 129
118 129
122 129
123 129
124 129
125 129
127 129
4 130
5 130
8 130
9 130
10 130
12 130
13 130
15 130
17 130
20 130
27 130
29 130
32 130
34 130
38 130
39 130
40 130
49 130
50 130
57 130
59 130
66 130
69 130
73 130
77 130
78 130
81 130
82 130
83 130
84 130
88 130
90 130
92 130
93 130
95 130
101 130
102 130
103 130
107 130
108 130
112 130
116 130
117 130
118 130
119 130
122 130
125 130
126 130
128 130
3 131
5 131
8 131
9 131
13 131
15 131
22 131
27 131
30 131
32 131
34 131
38 131
39 131
40 131
42 131
50 131
57 131
59 131
63 131
67 131
69 131
70 131
73 131
79 131
81 131
82 131
84 131
89 131
92 131
95 131
98 131
101 131
102 131
103 131
106 131
110 131
112 131
117 131
118 131
122 131
123 131
125 131
126 131
127 131
129 131
130 131
33 132
43 132
72 132
76 132
99 132
14 133
19 133
21 133
36 133
37 133
45 133
47 133
52 133
58 133
64 133
80 133
86 133
91 133
100 133
105 133
109 133
111 133
113 133
121 133
0 134
14 134
19 134
21 134
37 134
45 134
52 134
64 134
80 134
86 134
91 134
100 134
105 134
109 134
111 134
113 134
121 134
133 134
6 135
7 135
10 135
11 135
12 135
16 135
17 135
18 135
20 135
24 135
25 135
35 135
41 135
44 135
49 135
51 135
53 135
55 135
60 135
62 135
65 135
68 135
74 135
75 135
78 135
83 135
88 135
90 135
93 135
94 135
96 135
104 135
107 135
114 135
115 135
119 135
120 135
128 135
3 136
4 136
5 136
8 136
9 136
13 136
15 136
20 136
27 136
29 136
30 136
32 136
34 136
38 136
39 136
40 136
50 136
57 136
59 136
66 136
69 136
70 136
73 136
77 136
81 136
82 136
84 136
89 136
90 136
92 136
95 136
98 136
101 136
102 136
103 136
106 136
108 136
112 136
116 136
117 136
118 136
122 136
123 136
125 136
126 136
128 136
129 136
130 136
131 136
1 137
2 137
14 137
19 137
21 137
22 137
26 137
28 137
36 137
37 137
42 137
47 137
52 137
56 137
58 137
61 137
63 137
67 137
71 137
85 137
86 137
87 137
100 137
105 137
110 137
113 137
121 137
124 137
127 137
133 137
134 137
3 138
4 138
5 138
8 138
9 138
13 138
15 138
20 138
27 138
29 138
30 138
32 138
34 138
38 138
39 138
40 138
50 138
57 138
59 138
66 138
69 138
70 138
73 138
77 138
81 138
82 138
84 138
89 138
90 138
92 138
95 138
98 138
101 138
102 138
103 138
106 138
108 138
112 138
116 138
117 138
118 138
122 138
123 138
125 138
126 138
128 138
129 138
130 138
131 138
136 138
3 139
5 139
8 139
9 139
13 139
15 139
22 139
27 139
30 139
32 139
34 139
38 139
39 139
40 139
42 139
50 139
57 139
59 139
63 139
67 139
69 139
70 139
73 139
79 139
81 139
82 139
84 139
89 139
92 139
95 139
98 139
101 139
102 139
103 139
106 139
110 139
112 139
117 139
118 139
122 139
123 139
125 139
126 139
127 139
129 139
130 139
131 139
136 139
138 139
0 140
14 140
21 140
45 140
46 140
52 140
64 140
80 140
86 140
91 140
100 140
109 140
111 140
113 140
121 140
133 140
134 140
4 141
6 141
9 141
10 141
12 141
13 141
16 141
17 141
18 141
20 141
24 141
25 141
27 141
29 141
35 141
39 141
44 141
49 141
50 141
53 141
66 141
68 141
69 141
73 141
74 141
75 141
77 141
78 141
81 141
82 141
83 141
84 141
88 141
90 141
93 141
94 141
101 141
107 141
108 141
112 141
114 141
115 141
116 141
119 141
120 141
126 141
128 141
130 141
135 141
14 142
19 142
21 142
36 142
37 142
45 142
52 142
58 142
64 142
80 142
86 142
91 142
100 142
105 142
109 142
111 142
113 142
121 142
133 142
134 142
137 142
140 142
1 143
3 143
5 143
8 143
15 143
22 143
26 143
28 143
30 143
32 143
34 143
38 143
40 143
42 143
56 143
57 143
59 143
61 143
63 143
67 143
70 143
79 143
87 143
89 143
92 143
95 143
98 143
102 143
103 143
106 143
110 143
117 143
118 143
122 143
123 143
124 143
125 143
127 143
129 143
131 143
136 143
138 143
139 143
4 144
6 144
7 144
10 144
11 144
12 144
16 144
17 144
18 144
20 144
24 144
25 144
35 144
41 144
44 144
49 144
51 144
53 144
55 144
62 144
65 144
66 144
68 144
74 144
75 144
77 144
78 144
83 144
88 144
90 144
93 144
94 144
107 144
114 144
115 144
116 144
119 144
120 144
128 144
135 144
141 144
1 145
2 145
3 145
5 145
8 145
15 145
22 145
26 145
28 145
30 145
32 145
34 145
36 145
38 145
40 145
42 145
47 145
56 145
57 145
59 145
61 145
63 145
67 145
70 145
71 145
79 145
85 145
87 145
89 145
92 145
95 145
98 145
102 145
106 145
110 145
117 145
118 145
122 145
123 145
124 145
125 145
127 145
129 145
131 145
136 145
138 145
139 145
143 145
3 146
5 146
8 146
9 146
13 146
15 146
22 146
27 146
29 146
30 146
32 146
34 146
38 146
39 146
40 146
42 146
50 146
57 146
59 146
67 146
69 146
70 146
73 146
79 146
81 146
82 146
84 146
89 146
92 146
95 146
98 146
101 146
102 146
103 146
106 146
108 146
110 146
112 146
116 146
117 146
118 146
122 146
123 146
125 146
126 146
129 146
130 146
131 146
136 146
138 146
139 146
143 146
145 146
3 147
5 147
8 147
9 147
13 147
15 147
22 147
27 147
29 147
30 147
32 147
34 147
38 147
39 147
40 147
42 147
50 147
57 147
59 147
63 147
67 147
69 147
70 147
73 147
79 147
81 147
82 147
84 147
89 147
92 147
95 147
98 147
101 147
102 147
103 147
106 147
108 147
110 147
112 147
117 147
118 147
122 147
123 147
125 147
126 147
129 147
130 147
131 147
136 147
138 147
139 147
143 147
145 147
146 147
4 148
5 148
8 148
9 148
10 148
12 148
13 148
15 148
17 148
18 148
20 148
27 148
29 148
32 148
34 148
38 148
39 148
40 148
49 148
50 148
57 148
59 148
66 148
68 148
69 148
73 148
77 148
78 148
81 148
82 148
83 148
84 148
88 148
90 148
92 148
93 148
95 148
101 148
103 148
107 148
108 148
112 148
116 148
117 148
118 148
119 148
122 148
125 148
126 148
128 148
130 148
131 148
136 148
138 148
139 148
141 148
146 148
147 148
7 149
23 149
33 149
48 149
54 149
60 149
76 149
96 149
97 149
99 149
104 149
6 150
7 150
10 150
11 150
12 150
16 150
17 150
18 150
20 150
24 150
25 150
35 150
41 150
44 150
49 150
51 150
53 150
55 150
60 150
62 150
65 150
68 150
74 150
75 150
78 150
83 150
88 150
90 150
93 150
94 150
96 150
104 150
107 150
114 150
115 150
119 150
120 150
128 150
135 150
141 150
144 150
6 151
7 151
11 151
12 151
16 151
18 151
23 151
24 151
25 151
35 151
41 151
44 151
48 151
51 151
53 151
54 151
55 151
60 151
62 151
65 151
68 151
74 151
75 151
88 151
93 151
94 151
96 151
104 151
107 151
114 151
115 151
120 151
135 151
144 151
150 151
1 152
2 152
3 152
8 152
14 152
15 152
19 152
22 152
26 152
28 152
30 152
32 152
36 152
37 152
42 152
47 152
52 152
56 152
58 152
59 152
61 152
63 152
67 152
70 152
71 152
79 152
85 152
87 152
89 152
98 152
102 152
105 152
106 152
110 152
113 152
123 152
124 152
127 152
129 152
131 152
137 152
139 152
143 152
145 152
147 152
7 153
11 153
16 153
23 153
24 153
41 153
48 153
51 153
53 153
54 153
55 153
60 153
62 153
65 153
75 153
94 153
96 153
104 153
115 153
120 153
135 153
144 153
150 153
151 153
33 154
43 154
72 154
76 154
99 154
132 154
1 155
2 155
3 155
8 155
14 155
15 155
19 155
22 155
26 155
28 155
30 155
32 155
36 155
37 155
42 155
47 155
52 155
56 155
58 155
61 155
63 155
67 155
70 155
71 155
79 155
85 155
87 155
89 155
98 155
100 155
102 155
105 155
106 155
110 155
113 155
123 155
124 155
127 155
129 155
137 155
143 155
145 155
152 155
7 156
11 156
23 156
33 156
48 156
54 156
60 156
76 156
96 156
97 156
99 156
104 156
149 156
153 156
3 157
4 157
5 157
8 157
9 157
10 157
13 157
15 157
17 157
20 157
27 157
29 157
32 157
34 157
38 157
39 157
40 157
49 157
50 157
57 157
59 157
66 157
69 157
73 157
77 157
81 157
82 157
83 157
84 157
89 157
90 157
92 157
95 157
101 157
102 157
103 157
108 157
112 157
116 157
117 157
118 157
119 157
122 157
125 157
126 157
128 157
130 157
131 157
136 157
138 157
139 157
141 157
146 157
147 157
148 157
7 158
11 158
23 158
33 158
48 158
54 158
60 158
76 158
96 158
97 158
99 158
104 158
149 158
153 158
156 158
1 159
3 159
5 159
8 159
13 159
15 159
22 159
26 159
27 159
28 159
30 159
32 159
34 159
38 159
40 159
42 159
56 159
57 159
59 159
61 159
63 159
67 159
69 159
70 159
73 159
79 159
87 159
89 159
92 159
95 159
98 159
101 159
102 159
103 159
106 159
110 159
117 159
118 159
122 159
123 159
125 159
126 159
127 159
129 159
130 159
131 159
136 159
138 159
139 159
143 159
145 159
146 159
147 159
148 159
152 159
155 159
157 159
4 160
5 160
8 160
9 160
10 160
12 160
13 160
15 160
17 160
18 160
20 160
27 160
29 160
32 160
34 160
38 160
39 160
40 160
49 160
50 160
57 160
59 160
66 160
68 160
69 160
73 160
77 160
78 160
81 160
82 160
83 160
84 160
88 160
90 160
92 160
93 160
95 160
101 160
102 160
103 160
107 160
108 160
112 160
116 160
117 160
118 160
119 160
122 160
125 160
126 160
128 160
130 160
131 160
136 160
138 160
139 160
141 160
146 160
147 160
148 160
157 160
159 160
1 161
2 161
14 161
19 161
21 161
26 161
28 161
36 161
37 161
47 161
52 161
56 161
58 161
61 161
71 161
85 161
86 161
87 161
91 161
100 161
105 161
111 161
113 161
121 161
124 161
133 161
134 161
137 161
140 161
142 161
155 161
6 162
7 162
10 162
11 162
12 162
16 162
17 162
18 162
20 162
24 162
25 162
35 162
41 162
44 162
49 162
51 162
53 162
55 162
60 162
62 162
65 162
68 162
74 162
75 162
78 162
83 162
88 162
90 162
93 162
94 162
96 162
104 162
107 162
114 162
115 162
119 162
120 162
128 162
135 162
141 162
144 162
150 162
151 162
153 162
1 163
3 163
5 163
8 163
15 163
22 163
26 163
28 163
30 163
32 163
34 163
38 163
40 163
42 163
56 163
57 163
59 163
61 163
63 163
67 163
69 163
70 163
79 163
87 163
89 163
92 163
95 163
98 163
102 163
103 163
106 163
110 163
117 163
118 163
122 163
123 163
124 163
125 163
127 163
129 163
131 163
136 163
138 163
139 163
143 163
145 163
146 163
147 163
152 163
155 163
157 163
159 163
3 164
5 164
8 164
9 164
13 164
15 164
22 164
27 164
29 164
30 164
32 164
34 164
38 164
39 164
40 164
42 164
50 164
57 164
59 164
67 164
69 164
70 164
73 164
79 164
81 164
82 164
84 164
89 164
92 164
95 164
98 164
101 164
102 164
103 164
106 164
108 164
110 164
112 164
116 164
117 164
118 164
122 164
123 164
125 164
126 164
129 164
130 164
131 164
136 164
138 164
139 164
143 164
145 164
146 164
147 164
148 164
157 164
159 164
160 164
163 164
7 165
11 165
16 165
23 165
24 165
41 165
48 165
51 165
53 165
54 165
55 165
60 165
62 165
65 165
75 165
94 165
96 165
104 165
115 165
120 165
135 165
144 165
150 165
151 165
153 165
156 165
158 165
162 165
7 166
11 166
23 166
33 166
48 166
54 166
60 166
76 166
96 166
97 166
99 166
104 166
149 166
153 166
156 166
158 166
165 166
6 167
7 167
11 167
12 167
16 167
18 167
24 167
25 167
35 167
41 167
44 167
48 167
49 167
51 167
53 167
54 167
55 167
60 167
62 167
65 167
68 167
74 167
75 167
78 167
83 167
88 167
93 167
94 167
96 167
104 167
107 167
114 167
115 167
120 167
135 167
141 167
144 167
150 167
151 167
153 167
162 167
165 167
4 168
6 168
9 168
10 168
12 168
13 168
16 168
17 168
18 168
20 168
24 168
25 168
27 168
29 168
35 168
39 168
44 168
49 168
50 168
53 168
66 168
68 168
69 168
73 168
74 168
75 168
77 168
78 168
81 168
82 168
83 168
84 168
88 168
90 168
93 168
101 168
103 168
107 168
108 168
112 168
114 168
115 168
116 168
119 168
120 168
126 168
128 168
130 168
135 168
141 168
144 168
148 168
150 168
157 168
160 168
162 168
7 169
11 169
16 169
23 169
41 169
48 169
51 169
53 169
54 169
55 169
60 169
62 169
65 169
75 169
94 169
96 169
97 169
104 169
120 169
149 169
151 169
153 169
156 169
158 169
165 169
166 169
167 169
4 170
6 170
9 170
10 170
12 170
13 170
16 170
17 170
18 170
20 170
24 170
25 170
27 170
29 170
35 170
39 170
44 170
49 170
50 170
53 170
66 170
68 170
69 170
73 170
74 170
75 170
77 170
78 170
81 170
82 170
83 170
84 170
88 170
90 170
93 170
101 170
103 170
107 170
108 170
112 170
114 170
115 170
116 170
119 170
120 170
126 170
128 170
130 170
135 170
141 170
144 170
148 170
150 170
157 170
160 170
162 170
168 170
4 171
6 171
10 171
11 171
12 171
16 171
17 171
18 171
20 171
24 171
25 171
35 171
41 171
44 171
49 171
51 171
53 171
55 171
62 171
65 171
66 171
68 171
74 171
75 171
77 171
78 171
83 171
88 171
90 171
93 171
94 171
107 171
108 171
114 171
115 171
116 171
119 171
120 171
128 171
135 171
141 171
144 171
150 171
151 171
153 171
162 171
165 171
167 171
168 171
170 171
4 172
5 172
6 172
9 172
10 172
12 172
13 172
17 172
18 172
20 172
25 172
27 172
29 172
34 172
35 172
38 172
39 172
40 172
44 172
49 172
50 172
57 172
66 172
68 172
69 172
73 172
74 172
77 172
78 172
81 172
82 172
83 172
84 172
88 172
90 172
92 172
93 172
95 172
101 172
103 172
107 172
108 172
112 172
114 172
116 172
117 172
118 172
119 172
122 172
125 172
126 172
128 172
130 172
136 172
138 172
141 172
146 172
147 172
148 172
157 172
160 172
164 172
168 172
170 172
1 173
2 173
14 173
19 173
21 173
22 173
26 173
28 173
36 173
37 173
42 173
47 173
52 173
56 173
58 173
61 173
63 173
67 173
71 173
85 173
86 173
87 173
100 173
105 173
110 173
113 173
121 173
124 173
127 173
133 173
134 173
137 173
142 173
152 173
155 173
161 173
4 174
6 174
9 174
10 174
12 174
13 174
16 174
17 174
18 174
20 174
24 174
25 174
27 174
29 174
35 174
39 174
44 174
49 174
50 174
53 174
55 174
66 174
68 174
74 174
75 174
77 174
78 174
81 174
82 174
83 174
84 174
88 174
90 174
93 174
94 174
101 174
107 174
108 174
112 174
114 174
115 174
116 174
119 174
120 174
126 174
128 174
130 174
135 174
141 174
144 174
148 174
150 174
151 174
160 174
162 174
167 174
168 174
170 174
171 174
172 174
1 175
2 175
3 175
8 175
15 175
19 175
22 175
26 175
28 175
30 175
32 175
36 175
37 175
42 175
47 175
56 175
58 175
59 175
61 175
63 175
67 175
70 175
71 175
79 175
85 175
87 175
89 175
92 175
98 175
102 175
105 175
106 175
110 175
123 175
124 175
127 175
129 175
131 175
137 175
139 175
143 175
145 175
146 175
147 175
152 175
155 175
159 175
163 175
164 175
173 175
6 176
7 176
10 176
11 176
12 176
16 176
17 176
18 176
20 176
24 176
25 176
35 176
41 176
44 176
49 176
51 176
53 176
55 176
62 176
65 176
66 176
68 176
74 176
75 176
77 176
78 176
83 176
88 176
90 176
93 176
94 176
107 176
114 176
115 176
119 176
120 176
128 176
135 176
141 176
144 176
150 176
151 176
153 176
162 176
165 176
167 176
168 176
170 176
171 176
174 176
7 177
11 177
23 177
41 177
48 177
51 177
54 177
55 177
60 177
62 177
65 177
76 177
96 177
97 177
99 177
104 177
149 177
151 177
153 177
156 177
158 177
165 177
166 177
169 177
4 178
5 178
6 178
9 178
10 178
12 178
13 178
17 178
18 178
20 178
25 178
27 178
29 178
34 178
35 178
38 178
39 178
40 178
44 178
49 178
50 178
57 178
66 178
68 178
69 178
73 178
74 178
77 178
78 178
81 178
82 178
83 178
84 178
88 178
90 178
92 178
93 178
95 178
101 178
103 178
107 178
108 178
112 178
114 178
116 178
117 178
118 178
119 178
122 178
125 178
126 178
128 178
130 178
136 178
138 178
141 178
146 178
148 178
157 178
160 178
164 178
168 178
170 178
171 178
172 178
174 178
4 179
6 179
9 179
10 179
12 179
13 179
16 179
17 179
18 179
20 179
24 179
25 179
27 179
29 179
35 179
39 179
44 179
49 179
50 179
53 179
66 179
68 179
73 179
74 179
75 179
77 179
78 179
81 179
82 179
83 179
84 179
88 179
90 179
93 179
94 179
101 179
107 179
108 179
112 179
114 179
115 179
116 179
119 179
120 179
126 179
128 179
130 179
135 179
141 179
144 179
148 179
150 179
160 179
162 179
167 179
168 179
170 179
171 179
172 179
174 179
176 179
178 179
7 180
11 180
23 180
41 180
48 180
51 180
54 180
55 180
60 180
62 180
65 180
76 180
94 180
96 180
97 180
99 180
104 180
149 180
151 180
153 180
156 180
158 180
165 180
166 180
167 180
169 180
177 180
0 181
31 181
46 181
4 182
5 182
6 182
9 182
10 182
12 182
13 182
17 182
18 182
20 182
24 182
25 182
27 182
29 182
35 182
38 182
39 182
40 182
44 182
49 182
50 182
57 182
66 182
68 182
69 182
73 182
74 182
77 182
78 182
81 182
82 182
83 182
84 182
88 182
90 182
93 182
95 182
101 182
103 182
107 182
108 182
112 182
114 182
115 182
116 182
117 182
118 182
119 182
122 182
125 182
126 182
128 182
130 182
136 182
138 182
141 182
144 182
148 182
157 182
160 182
168 182
170 182
171 182
172 182
174 182
176 182
178 182
179 182
3 183
4 183
5 183
8 183
9 183
10 183
13 183
15 183
17 183
20 183
27 183
29 183
32 183
34 183
38 183
39 183
40 183
50 183
57 183
59 183
66 183
69 183
70 183
73 183
77 183
81 183
82 183
84 183
89 183
90 183
92 183
95 183
98 183
101 183
102 183
103 183
108 183
112 183
116 183
117 183
118 183
119 183
122 183
125 183
126 183
128 183
130 183
131 183
136 183
138 183
139 183
143 183
146 183
147 183
148 183
157 183
159 183
160 183
163 183
164 183
170 183
172 183
178 183
182 183
0 184
14 184
21 184
45 184
46 184
52 184
64 184
80 184
86 184
91 184
100 184
109 184
111 184
113 184
121 184
133 184
134 184
140 184
142 184
161 184
4 185
6 185
9 185
10 185
12 185
13 185
16 185
17 185
18 185
20 185
24 185
25 185
27 185
29 185
35 185
39 185
44 185
49 185
50 185
53 185
66 185
68 185
69 185
73 185
74 185
75 185
77 185
78 185
81 185
82 185
83 185
84 185
88 185
90 185
93 185
101 185
103 185
107 185
108 185
112 185
114 185
115 185
116 185
119 185
120 185
126 185
128 185
130 185
135 185
141 185
144 185
148 185
150 185
157 185
160 185
162 185
168 185
170 185
171 185
172 185
174 185
176 185
178 185
179 185
182 185
183 185
3 186
4 186
5 186
8 186
9 186
13 186
15 186
20 186
27 186
29 186
30 186
32 186
34 186
38 186
39 186
40 186
50 186
57 186
59 186
66 186
69 186
70 186
73 186
77 186
81 186
82 186
84 186
89 186
90 186
92 186
95 186
98 186
101 186
102 186
103 186
106 186
108 186
112 186
116 186
117 186
118 186
122 186
123 186
125 186
126 186
128 186
130 186
131 186
136 186
138 186
139 186
143 186
145 186
146 186
147 186
148 186
157 186
159 186
160 186
163 186
164 186
172 186
178 186
182 186
183 186
4 187
5 187
6 187
9 187
10 187
12 187
13 187
17 187
18 187
20 187
24 187
25 187
27 187
29 187
35 187
39 187
40 187
44 187
49 187
50 187
57 187
66 187
68 187
69 187
73 187
74 187
77 187
78 187
81 187
82 187
83 187
84 187
88 187
90 187
93 187
95 187
101 187
103 187
107 187
108 187
112 187
114 187
115 187
116 187
117 187
118 187
119 187
122 187
125 187
126 187
128 187
130 187
135 187
136 187
138 187
141 187
144 187
148 187
157 187
160 187
168 187
170 187
171 187
172 187
174 187
176 187
178 187
179 187
182 187
183 187
185 187
186 187
1 188
2 188
3 188
8 188
15 188
22 188
26 188
28 188
30 188
32 188
34 188
36 188
38 188
40 188
42 188
47 188
56 188
59 188
61 188
63 188
67 188
70 188
71 188
79 188
85 188
87 188
89 188
92 188
95 188
98 188
102 188
106 188
110 188
117 188
118 188
122 188
123 188
124 188
125 188
127 188
129 188
131 188
136 188
138 188
139 188
143 188
145 188
146 188
147 188
152 188
155 188
159 188
163 188
164 188
175 188
1 189
2 189
3 189
5 189
8 189
15 189
22 189
26 189
28 189
30 189
32 189
34 189
38 189
40 189
42 189
56 189
57 189
59 189
61 189
63 189
67 189
70 189
71 189
79 189
85 189
87 189
89 189
92 189
95 189
98 189
102 189
103 189
106 189
110 189
117 189
118 189
122 189
123 189
124 189
125 189
127 189
129 189
131 189
136 189
138 189
139 189
143 189
145 189
146 189
147 189
152 189
155 189
159 189
163 189
164 189
175 189
183 189
186 189
188 189
3 190
5 190
8 190
9 190
13 190
15 190
22 190
27 190
30 190
32 190
34 190
38 190
39 190
40 190
42 190
50 190
57 190
59 190
63 190
67 190
69 190
70 190
73 190
79 190
81 190
82 190
84 190
89 190
92 190
95 190
98 190
101 190
102 190
103 190
106 190
110 190
112 190
117 190
118 190
122 190
123 190
125 190
126 190
127 190
129 190
130 190
131 190
136 190
138 190
139 190
143 190
145 190
146 190
147 190
148 190
152 190
157 190
159 190
160 190
163 190
164 190
175 190
183 190
186 190
188 190
189 190
4 191
6 191
10 191
11 191
12 191
16 191
17 191
18 191
20 191
24 191
25 191
29 191
35 191
41 191
44 191
49 191
51 191
53 191
55 191
62 191
65 191
66 191
68 191
74 191
75 191
77 191
78 191
83 191
88 191
90 191
93 191
94 191
107 191
108 191
114 191
115 191
116 191
119 191
120 191
128 191
135 191
141 191
144 191
150 191
151 191
162 191
165 191
167 191
168 191
170 191
171 191
172 191
174 191
176 191
178 191
179 191
182 191
185 191
187 191
4 192
6 192
9 192
10 192
12 192
16 192
17 192
18 192
20 192
24 192
25 192
27 192
29 192
35 192
39 192
41 192
44 192
49 192
50 192
51 192
53 192
55 192
62 192
65 192
66 192
68 192
74 192
75 192
77 192
78 192
81 192
82 192
83 192
84 192
88 192
90 192
93 192
94 192
107 192
108 192
112 192
114 192
115 192
116 192
119 192
120 192
128 192
135 192
141 192
144 192
150 192
151 192
162 192
167 192
168 192
170 192
171 192
172 192
174 192
176 192
178 192
179 192
182 192
185 192
187 192
191 192
1 193
3 193
5 193
8 193
13 193
15 193
22 193
26 193
27 193
30 193
32 193
34 193
38 193
40 193
42 193
57 193
59 193
63 193
67 193
69 193
70 193
73 193
79 193
82 193
84 193
87 193
89 193
92 193
95 193
98 193
101 193
102 193
103 193
106 193
110 193
117 193
118 193
122 193
123 193
125 193
126 193
127 193
129 193
130 193
131 193
136 193
138 193
139 193
143 193
145 193
146 193
147 193
148 193
152 193
155 193
157 193
159 193
160 193
163 193
164 193
175 193
183 193
186 193
188 193
189 193
190 193
0 194
21 194
45 194
46 194
52 194
64 194
80 194
86 194
91 194
100 194
109 194
111 194
121 194
133 194
134 194
140 194
142 194
161 194
184 194
23 195
33 195
48 195
54 195
60 195
76 195
96 195
97 195
99 195
104 195
132 195
149 195
156 195
158 195
166 195
169 195
177 195
180 195
1 196
2 196
14 196
19 196
21 196
22 196
26 196
28 196
36 196
37 196
42 196
47 196
52 196
56 196
58 196
61 196
63 196
67 196
71 196
85 196
86 196
87 196
100 196
105 196
110 196
113 196
121 196
124 196
127 196
133 196
134 196
137 196
142 196
152 196
155 196
161 196
173 196
175 196
1 197
2 197
14 197
19 197
22 197
26 197
28 197
36 197
37 197
42 197
47 197
52 197
56 197
58 197
61 197
63 197
67 197
71 197
79 197
85 197
86 197
87 197
100 197
105 197
110 197
113 197
121 197
124 197
127 197
133 197
134 197
137 197
142 197
152 197
155 197
161 197
173 197
175 197
196 197
7 198
11 198
23 198
33 198
48 198
54 198
60 198
76 198
96 198
97 198
99 198
104 198
149 198
153 198
156 198
158 198
165 198
166 198
169 198
177 198
180 198
195 198
1 199
3 199
5 199
8 199
15 199
22 199
26 199
28 199
30 199
32 199
34 199
38 199
40 199
42 199
56 199
57 199
59 199
61 199
63 199
67 199
69 199
70 199
73 199
79 199
87 199
89 199
92 199
95 199
98 199
101 199
102 199
103 199
106 199
110 199
117 199
118 199
122 199
123 199
124 199
125 199
126 199
127 199
129 199
130 199
131 199
136 199
138 199
139 199
143 199
145 199
146 199
147 199
152 199
155 199
157 199
159 199
160 199
163 199
164 199
175 199
183 199
186 199
188 199
189 199
190 199
193 199