norm 0.0 1.0 200
0 1
0 2
1 2
0 4
2 4
3 4
0 5
1 5
2 5
4 5
0 7
1 7
2 7
5 7
0 8
1 8
2 8
4 8
5 8
7 8
3 9
0 10
1 10
2 10
4 10
5 10
7 10
8 10
6 11
0 13
2 13
3 13
4 13
5 13
8 13
10 13
0 14
1 14
2 14
4 14
5 14
7 14
8 14
10 14
13 14
0 15
2 15
3 15
4 15
5 15
8 15
10 15
13 15
14 15
6 16
11 16
1 17
2 17
7 17
8 17
11 17
14 17
16 17
0 18
1 18
2 18
5 18
7 18
8 18
10 18
11 18
14 18
17 18
0 19
2 19
4 19
5 19
8 19
10 19
13 19
14 19
15 19
12 20
6 21
11 21
16 21
6 22
21 22
0 23
1 23
2 23
5 23
7 23
8 23
10 23
11 23
14 23
17 23
18 23
3 24
9 24
0 25
1 25
2 25
4 25
5 25
7 25
8 25
10 25
13 25
14 25
15 25
18 25
19 25
9 26
12 26
20 26
0 27
1 27
2 27
4 27
5 27
7 27
8 27
10 27
13 27
14 27
15 27
18 27
19 27
23 27
25 27
3 28
9 28
24 28
3 29
9 29
20 29
24 29
26 29
28 29
0 30
2 30
3 30
4 30
5 30
8 30
10 30
13 30
14 30
15 30
19 30
25 30
27 30
3 31
9 31
24 31
28 31
29 31
0 32
1 32
2 32
4 32
5 32
7 32
8 32
10 32
13 32
14 32
15 32
17 32
18 32
19 32
23 32
25 32
27 32
30 32
0 34
3 34
4 34
5 34
10 34
13 34
14 34
15 34
19 34
25 34
27 34
30 34
32 34
6 35
11 35
16 35
21 35
3 36
4 36
13 36
15 36
19 36
24 36
25 36
28 36
30 36
31 36
34 36
0 37
1 37
2 37
4 37
5 37
7 37
8 37
10 37
14 37
15 37
17 37
18 37
19 37
23 37
25 37
27 37
32 37
6 38
16 38
21 38
22 38
35 38
3 39
9 39
20 39
24 39
26 39
28 39
29 39
31 39
6 40
11 40
16 40
21 40
22 40
35 40
38 40
0 41
1 41
2 41
4 41
5 41
7 41
8 41
10 41
13 41
14 41
15 41
19 41
25 41
27 41
30 41
32 41
34 41
36 41
37 41
1 42
6 42
7 42
11 42
16 42
17 42
18 42
23 42
35 42
12 43
20 43
26 43
0 44
1 44
2 44
4 44
5 44
7 44
8 44
10 44
13 44
14 44
15 44
18 44
19 44
23 44
25 44
27 44
30 44
32 44
34 44
37 44
41 44
3 45
4 45
10 45
13 45
15 45
19 45
24 45
25 45
28 45
30 45
31 45
34 45
36 45
41 45
6 46
11 46
16 46
21 46
22 46
35 46
38 46
40 46
42 46
21 47
22 47
38 47
40 47
0 49
1 49
2 49
4 49
5 49
7 49
8 49
10 49
13 49
14 49
15 49
19 49
25 49
27 49
30 49
32 49
34 49
36 49
37 49
41 49
44 49
45 49
0 50
1 50
2 50
4 50
5 50
7 50
8 50
10 50
13 50
14 50
15 50
17 50
18 50
19 50
23 50
25 50
27 50
30 50
32 50
37 50
41 50
44 50
49 50
0 51
1 51
2 51
4 51
5 51
7 51
8 51
10 51
13 51
14 51
15 51
19 51
25 51
27 51
30 51
32 51
34 51
36 51
37 51
41 51
44 51
45 51
49 51
50 51
3 52
4 52
13 52
15 52
19 52
24 52
25 52
28 52
30 52
31 52
34 52
36 52
41 52
45 52
49 52
51 52
0 53
1 53
2 53
4 53
5 53
7 53
8 53
10 53
13 53
14 53
15 53
17 53
18 53
19 53
23 53
25 53
27 53
32 53
37 53
41 53
44 53
49 53
50 53
51 53
3 54
9 54
24 54
28 54
29 54
31 54
36 54
39 54
45 54
52 54
0 55
1 55
2 55
4 55
5 55
7 55
8 55
10 55
13 55
14 55
15 55
17 55
18 55
19 55
23 55
25 55
27 55
30 55
32 55
34 55
37 55
41 55
44 55
49 55
50 55
51 55
53 55
0 56
3 56
4 56
5 56
10 56
13 56
15 56
19 56
24 56
25 56
27 56
30 56
31 56
34 56
36 56
41 56
45 56
49 56
51 56
52 56
0 57
1 57
2 57
5 57
7 57
8 57
10 57
14 57
17 57
18 57
19 57
23 57
25 57
27 57
32 57
37 57
41 57
42 57
44 57
49 57
50 57
51 57
53 57
55 57
1 58
2 58
7 58
8 58
11 58
14 58
16 58
17 58
18 58
23 58
32 58
37 58
42 58
50 58
53 58
57 58
0 59
1 59
2 59
4 59
5 59
7 59
8 59
10 59
13 59
14 59
15 59
19 59
25 59
27 59
30 59
32 59
34 59
36 59
37 59
41 59
44 59
45 59
49 59
50 59
51 59
52 59
53 59
55 59
56 59
57 59
3 60
9 60
24 60
28 60
29 60
31 60
36 60
39 60
45 60
52 60
54 60
56 60
0 61
3 61
4 61
5 61
8 61
10 61
13 61
14 61
15 61
19 61
25 61
27 61
30 61
32 61
34 61
36 61
41 61
44 61
45 61
49 61
51 61
52 61
55 61
56 61
59 61
0 62
1 62
2 62
5 62
7 62
8 62
10 62
11 62
14 62
17 62
18 62
23 62
25 62
27 62
32 62
37 62
42 62
44 62
50 62
53 62
55 62
57 62
58 62
1 63
2 63
7 63
8 63
11 63
14 63
16 63
17 63
18 63
23 63
32 63
37 63
42 63
44 63
50 63
53 63
55 63
57 63
58 63
62 63
1 64
6 64
7 64
11 64
16 64
17 64
18 64
23 64
35 64
42 64
46 64
57 64
58 64
62 64
63 64
1 65
2 65
7 65
11 65
16 65
17 65
18 65
23 65
35 65
37 65
42 65
50 65
53 65
57 65
58 65
62 65
63 65
64 65
33 66
12 67
20 67
43 67
48 67
48 68
67 68
1 69
2 69
7 69
8 69
11 69
14 69
16 69
17 69
18 69
23 69
32 69
37 69
42 69
44 69
50 69
53 69
55 69
57 69
58 69
62 69
63 69
64 69
65 69
1 70
2 70
7 70
8 70
11 70
14 70
16 70
17 70
18 70
23 70
32 70
37 70
42 70
50 70
53 70
57 70
58 70
62 70
63 70
64 70
65 70
69 70
1 71
2 71
7 71
8 71
11 71
14 71
16 71
17 71
18 71
23 71
32 71
37 71
42 71
50 71
53 71
55 71
57 71
58 71
62 71
63 71
64 71
65 71
69 71
70 71
6 72
11 72
16 72
21 72
22 72
35 72
38 72
40 72
46 72
47 72
6 73
11 73
16 73
21 73
22 73
35 73
38 73
40 73
46 73
47 73
64 73
72 73
3 74
4 74
13 74
15 74
19 74
24 74
25 74
28 74
30 74
31 74
34 74
36 74
41 74
45 74
49 74
51 74
52 74
54 74
56 74
59 74
60 74
61 74
9 75
12 75
20 75
26 75
29 75
39 75
43 75
0 76
3 76
4 76
5 76
10 76
13 76
15 76
19 76
25 76
27 76
30 76
34 76
36 76
41 76
44 76
45 76
49 76
51 76
52 76
56 76
59 76
60 76
61 76
74 76
6 77
21 77
22 77
35 77
38 77
40 77
46 77
47 77
72 77
73 77
0 78
1 78
2 78
4 78
5 78
7 78
8 78
10 78
13 78
14 78
15 78
17 78
18 78
19 78
23 78
25 78
27 78
30 78
32 78
37 78
41 78
44 78
49 78
50 78
51 78
53 78
55 78
57 78
58 78
59 78
62 78
63 78
65 78
69 78
70 78
71 78
3 79
4 79
13 79
15 79
19 79
24 79
25 79
28 79
30 79
31 79
34 79
36 79
41 79
45 79
49 79
51 79
52 79
54 79
56 79
59 79
60 79
61 79
74 79
76 79
1 80
6 80
7 80
11 80
16 80
17 80
18 80
23 80
35 80
37 80
42 80
46 80
53 80
57 80
58 80
62 80
63 80
64 80
65 80
69 80
70 80
71 80
22 81
38 81
47 81
77 81
0 82
3 82
4 82
5 82
10 82
13 82
15 82
19 82
25 82
27 82
30 82
34 82
36 82
41 82
44 82
45 82
49 82
51 82
52 82
55 82
56 82
59 82
61 82
74 82
76 82
79 82
9 83
12 83
20 83
24 83
26 83
28 83
29 83
39 83
43 83
54 83
75 83
6 84
21 84
22 84
35 84
38 84
40 84
46 84
47 84
72 84
73 84
77 84
81 84
3 85
4 85
13 85
15 85
19 85
24 85
28 85
30 85
31 85
34 85
36 85
41 85
45 85
49 85
52 85
54 85
56 85
60 85
61 85
74 85
76 85
79 85
82 85
3 86
4 86
9 86
13 86
15 86
19 86
24 86
28 86
30 86
31 86
34 86
36 86
45 86
49 86
52 86
54 86
56 86
60 86
61 86
74 86
76 86
79 86
82 86
85 86
0 87
1 87
2 87
4 87
5 87
7 87
8 87
10 87
13 87
14 87
15 87
17 87
18 87
19 87
23 87
25 87
27 87
30 87
32 87
37 87
41 87
44 87
49 87
50 87
51 87
53 87
55 87
57 87
58 87
59 87
62 87
63 87
65 87
69 87
70 87
71 87
78 87
1 88
2 88
7 88
8 88
11 88
14 88
16 88
17 88
18 88
23 88
32 88
37 88
42 88
50 88
53 88
57 88
58 88
62 88
63 88
64 88
65 88
69 88
70 88
71 88
78 88
80 88
87 88
0 89
3 89
4 89
5 89
10 89
13 89
15 89
19 89
25 89
27 89
30 89
34 89
36 89
41 89
44 89
45 89
49 89
51 89
52 89
56 89
59 89
60 89
61 89
74 89
76 89
79 89
82 89
85 89
86 89
6 90
11 90
16 90
21 90
22 90
35 90
38 90
40 90
46 90
47 90
64 90
72 90
73 90
77 90
84 90
0 91
1 91
2 91
4 91
5 91
7 91
8 91
10 91
13 91
14 91
15 91
18 91
19 91
23 91
25 91
27 91
30 91
32 91
34 91
37 91
41 91
44 91
49 91
50 91
51 91
53 91
55 91
56 91
57 91
59 91
61 91
62 91
76 91
78 91
82 91
87 91
89 91
0 92
3 92
4 92
10 92
13 92
15 92
19 92
24 92
25 92
30 92
31 92
34 92
36 92
41 92
45 92
49 92
51 92
52 92
56 92
59 92
60 92
61 92
74 92
76 92
79 92
82 92
85 92
86 92
89 92
91 92
0 93
1 93
2 93
5 93
7 93
8 93
10 93
11 93
14 93
17 93
18 93
23 93
25 93
27 93
32 93
37 93
42 93
44 93
50 93
53 93
55 93
57 93
58 93
62 93
63 93
64 93
65 93
69 93
70 93
71 93
78 93
80 93
87 93
88 93
91 93
6 94
21 94
22 94
38 94
40 94
46 94
47 94
72 94
73 94
77 94
81 94
84 94
90 94
0 95
3 95
4 95
5 95
8 95
10 95
13 95
14 95
15 95
19 95
25 95
27 95
30 95
32 95
34 95
36 95
41 95
44 95
45 95
49 95
51 95
52 95
55 95
56 95
59 95
61 95
74 95
76 95
78 95
79 95
82 95
85 95
86 95
87 95
89 95
91 95
92 95
3 96
9 96
24 96
26 96
28 96
29 96
31 96
36 96
39 96
52 96
54 96
60 96
74 96
79 96
83 96
85 96
86 96
3 97
9 97
24 97
28 97
29 97
31 97
36 97
39 97
45 97
52 97
54 97
56 97
60 97
74 97
76 97
79 97
85 97
86 97
89 97
92 97
96 97
0 98
1 98
2 98
4 98
5 98
7 98
8 98
10 98
13 98
14 98
15 98
17 98
18 98
19 98
23 98
25 98
27 98
30 98
32 98
34 98
37 98
41 98
44 98
49 98
50 98
51 98
53 98
55 98
57 98
59 98
61 98
62 98
63 98
69 98
78 98
82 98
87 98
91 98
93 98
95 98
0 99
2 99
3 99
4 99
5 99
8 99
10 99
13 99
14 99
15 99
19 99
25 99
27 99
30 99
32 99
34 99
36 99
41 99
44 99
45 99
49 99
50 99
51 99
52 99
55 99
56 99
59 99
61 99
74 99
76 99
78 99
79 99
82 99
85 99
86 99
87 99
89 99
91 99
92 99
95 99
98 99
0 100
3 100
4 100
10 100
13 100
15 100
19 100
24 100
25 100
30 100
31 100
34 100
36 100
41 100
45 100
49 100
51 100
52 100
56 100
59 100
60 100
61 100
74 100
76 100
79 100
82 100
85 100
86 100
89 100
91 100
92 100
95 100
97 100
99 100
22 101
38 101
40 101
47 101
77 101
81 101
84 101
94 101
0 102
2 102
3 102
4 102
5 102
8 102
10 102
13 102
14 102
15 102
19 102
25 102
27 102
30 102
32 102
34 102
36 102
41 102
44 102
45 102
49 102
50 102
51 102
52 102
55 102
56 102
59 102
61 102
74 102
76 102
78 102
79 102
82 102
85 102
86 102
87 102
89 102
91 102
92 102
95 102
98 102
99 102
100 102
9 103
12 103
20 103
26 103
29 103
39 103
43 103
75 103
83 103
1 104
2 104
7 104
11 104
16 104
17 104
18 104
23 104
35 104
37 104
42 104
50 104
53 104
57 104
58 104
62 104
63 104
64 104
65 104
69 104
70 104
71 104
80 104
88 104
93 104
1 105
6 105
7 105
11 105
16 105
17 105
18 105
23 105
35 105
42 105
46 105
57 105
58 105
62 105
63 105
64 105
65 105
69 105
70 105
71 105
72 105
73 105
80 105
88 105
90 105
93 105
104 105
12 106
20 106
26 106
43 106
67 106
75 106
83 106
103 106
0 107
3 107
4 107
5 107
10 107
13 107
15 107
19 107
24 107
25 107
27 107
30 107
31 107
34 107
36 107
41 107
45 107
49 107
51 107
52 107
56 107
59 107
60 107
61 107
74 107
76 107
79 107
82 107
85 107
86 107
89 107
91 107
92 107
95 107
97 107
99 107
100 107
102 107
3 108
9 108
24 108
28 108
29 108
31 108
36 108
39 108
45 108
52 108
54 108
60 108
74 108
79 108
83 108
85 108
86 108
92 108
96 108
97 108
100 108
0 109
1 109
2 109
4 109
5 109
7 109
8 109
10 109
13 109
14 109
15 109
17 109
18 109
19 109
23 109
25 109
27 109
30 109
32 109
37 109
41 109
44 109
49 109
50 109
51 109
53 109
55 109
57 109
58 109
59 109
62 109
63 109
65 109
69 109
70 109
71 109
78 109
87 109
88 109
91 109
93 109
95 109
98 109
99 109
102 109
3 110
9 110
24 110
28 110
29 110
31 110
36 110
39 110
45 110
52 110
54 110
56 110
60 110
74 110
76 110
79 110
82 110
85 110
86 110
89 110
92 110
96 110
97 110
100 110
107 110
108 110
0 111
1 111
2 111
5 111
7 111
8 111
10 111
14 111
17 111
18 111
23 111
25 111
27 111
32 111
37 111
41 111
42 111
44 111
50 111
51 111
53 111
55 111
57 111
58 111
59 111
62 111
63 111
64 111
65 111
69 111
70 111
71 111
78 111
80 111
87 111
88 111
91 111
93 111
98 111
104 111
105 111
109 111
3 112
9 112
24 112
26 112
28 112
29 112
31 112
39 112
54 112
60 112
75 112
83 112
86 112
96 112
97 112
103 112
108 112
110 112
0 113
3 113
4 113
5 113
10 113
13 113
14 113
15 113
19 113
25 113
27 113
30 113
32 113
34 113
36 113
41 113
44 113
45 113
49 113
51 113
52 113
55 113
56 113
59 113
61 113
74 113
76 113
79 113
82 113
85 113
86 113
89 113
91 113
92 113
95 113
98 113
99 113
100 113
102 113
107 113
3 114
9 114
24 114
28 114
29 114
30 114
31 114
34 114
36 114
39 114
45 114
52 114
54 114
56 114
60 114
61 114
74 114
76 114
79 114
82 114
85 114
86 114
89 114
92 114
95 114
96 114
97 114
100 114
107 114
108 114
110 114
112 114
113 114
3 115
4 115
9 115
13 115
15 115
19 115
24 115
28 115
30 115
31 115
34 115
36 115
45 115
52 115
54 115
56 115
60 115
61 115
74 115
76 115
79 115
82 115
85 115
86 115
89 115
92 115
95 115
96 115
97 115
99 115
100 115
102 115
107 115
108 115
110 115
112 115
113 115
114 115
3 116
4 116
9 116
13 116
15 116
24 116
28 116
30 116
31 116
34 116
36 116
39 116
45 116
52 116
54 116
56 116
60 116
61 116
74 116
76 116
79 116
82 116
85 116
86 116
89 116
92 116
95 116
96 116
97 116
99 116
100 116
102 116
107 116
108 116
110 116
112 116
113 116
114 116
115 116
1 117
2 117
7 117
8 117
11 117
14 117
16 117
17 117
18 117
23 117
32 117
37 117
42 117
44 117
50 117
53 117
55 117
57 117
58 117
62 117
63 117
64 117
65 117
69 117
70 117
71 117
78 117
80 117
87 117
88 117
93 117
98 117
104 117
105 117
109 117
111 117
1 118
2 118
7 118
11 118
16 118
17 118
18 118
23 118
35 118
37 118
42 118
50 118
53 118
57 118
58 118
62 118
63 118
64 118
65 118
69 118
70 118
71 118
78 118
80 118
88 118
93 118
104 118
105 118
111 118
117 118
0 119
1 119
2 119
4 119
5 119
7 119
8 119
10 119
13 119
14 119
15 119
18 119
19 119
23 119
25 119
27 119
30 119
32 119
34 119
37 119
41 119
44 119
45 119
49 119
50 119
51 119
53 119
55 119
56 119
57 119
59 119
61 119
62 119
76 119
78 119
82 119
87 119
89 119
91 119
92 119
93 119
95 119
98 119
99 119
100 119
102 119
107 119
109 119
111 119
113 119
3 120
4 120
9 120
13 120
15 120
19 120
24 120
28 120
30 120
31 120
34 120
36 120
45 120
49 120
52 120
54 120
56 120
60 120
61 120
74 120
76 120
79 120
82 120
85 120
86 120
89 120
92 120
95 120
96 120
97 120
99 120
100 120
102 120
107 120
108 120
110 120
112 120
113 120
114 120
115 120
116 120
3 121
9 121
24 121
28 121
29 121
31 121
36 121
39 121
45 121
52 121
54 121
56 121
60 121
74 121
76 121
79 121
82 121
85 121
86 121
89 121
92 121
96 121
97 121
100 121
107 121
108 121
110 121
112 121
114 121
115 121
116 121
120 121
3 122
9 122
24 122
26 122
28 122
29 122
31 122
39 122
54 122
60 122
75 122
83 122
96 122
97 122
103 122
108 122
110 122
112 122
114 122
116 122
121 122
6 123
11 123
16 123
21 123
22 123
35 123
38 123
40 123
42 123
46 123
64 123
72 123
73 123
77 123
80 123
84 123
90 123
94 123
105 123
1 124
6 124
7 124
11 124
16 124
17 124
18 124
23 124
35 124
42 124
46 124
58 124
62 124
63 124
64 124
65 124
69 124
70 124
71 124
72 124
73 124
80 124
88 124
90 124
93 124
104 124
105 124
111 124
117 124
118 124
123 124
0 125
3 125
4 125
10 125
13 125
15 125
19 125
24 125
25 125
30 125
31 125
34 125
36 125
41 125
45 125
49 125
51 125
52 125
56 125
59 125
60 125
61 125
74 125
76 125
79 125
82 125
85 125
86 125
89 125
91 125
92 125
95 125
97 125
99 125
100 125
102 125
107 125
108 125
110 125
113 125
114 125
115 125
116 125
119 125
120 125
121 125
9 126
20 126
24 126
26 126
28 126
29 126
31 126
39 126
54 126
60 126
75 126
83 126
96 126
97 126
103 126
108 126
110 126
112 126
114 126
121 126
122 126
9 127
20 127
24 127
26 127
28 127
29 127
31 127
39 127
54 127
60 127
75 127
83 127
96 127
97 127
103 127
108 127
110 127
112 127
114 127
121 127
122 127
126 127
0 128
3 128
4 128
5 128
10 128
13 128
14 128
15 128
19 128
25 128
27 128
30 128
32 128
34 128
36 128
41 128
44 128
45 128
49 128
51 128
52 128
55 128
56 128
59 128
61 128
74 128
76 128
79 128
82 128
85 128
86 128
89 128
91 128
92 128
95 128
98 128
99 128
100 128
102 128
107 128
113 128
114 128
115 128
116 128
119 128
120 128
121 128
125 128
0 129
1 129
2 129
4 129
5 129
7 129
8 129
10 129
13 129
14 129
15 129
17 129
18 129
19 129
23 129
25 129
27 129
30 129
32 129
37 129
41 129
44 129
49 129
50 129
51 129
53 129
55 129
57 129
58 129
59 129
62 129
63 129
65 129
69 129
70 129
71 129
78 129
87 129
88 129
91 129
93 129
98 129
99 129
102 129
104 129
109 129
111 129
117 129
118 129
119 129
3 130
9 130
24 130
28 130
29 130
31 130
36 130
39 130
45 130
52 130
54 130
56 130
60 130
74 130
76 130
79 130
85 130
86 130
89 130
92 130
96 130
97 130
100 130
107 130
108 130
110 130
112 130
114 130
115 130
116 130
120 130
121 130
122 130
125 130
126 130
127 130
3 131
4 131
13 131
15 131
19 131
24 131
25 131
28 131
30 131
31 131
34 131
36 131
41 131
45 131
49 131
51 131
52 131
54 131
56 131
59 131
60 131
61 131
74 131
76 131
79 131
82 131
85 131
86 131
89 131
92 131
95 131
96 131
97 131
99 131
100 131
102 131
107 131
108 131
110 131
113 131
114 131
115 131
116 131
120 131
121 131
125 131
128 131
130 131
9 132
12 132
20 132
26 132
28 132
29 132
39 132
43 132
54 132
75 132
83 132
96 132
103 132
106 132
112 132
122 132
126 132
127 132
0 133
1 133
2 133
4 133
5 133
7 133
8 133
10 133
13 133
14 133
15 133
19 133
25 133
27 133
30 133
32 133
34 133
36 133
37 133
41 133
44 133
45 133
49 133
50 133
51 133
52 133
53 133
55 133
56 133
57 133
59 133
61 133
74 133
76 133
78 133
79 133
82 133
85 133
87 133
89 133
91 133
92 133
95 133
98 133
99 133
100 133
102 133
107 133
109 133
111 133
113 133
119 133
125 133
128 133
129 133
131 133
0 134
1 134
2 134
4 134
5 134
7 134
8 134
10 134
13 134
14 134
15 134
19 134
25 134
27 134
30 134
32 134
34 134
36 134
37 134
41 134
44 134
45 134
49 134
50 134
51 134
52 134
53 134
55 134
56 134
57 134
59 134
61 134
74 134
76 134
78 134
79 134
82 134
85 134
87 134
89 134
91 134
92 134
95 134
98 134
99 134
100 134
102 134
107 134
109 134
111 134
113 134
119 134
125 134
128 134
129 134
131 134
133 134
12 135
20 135
26 135
43 135
67 135
75 135
83 135
103 135
106 135
132 135
0 136
1 136
2 136
4 136
5 136
7 136
8 136
10 136
13 136
14 136
15 136
17 136
18 136
19 136
23 136
25 136
27 136
30 136
32 136
37 136
41 136
44 136
49 136
50 136
51 136
53 136
55 136
57 136
58 136
59 136
62 136
63 136
65 136
69 136
70 136
71 136
78 136
87 136
88 136
91 136
93 136
98 136
99 136
102 136
104 136
109 136
111 136
117 136
118 136
119 136
129 136
133 136
134 136
0 137
1 137
2 137
5 137
7 137
8 137
10 137
14 137
17 137
18 137
19 137
23 137
25 137
27 137
32 137
37 137
41 137
42 137
44 137
49 137
50 137
51 137
53 137
55 137
57 137
58 137
59 137
62 137
63 137
64 137
65 137
69 137
70 137
71 137
78 137
80 137
87 137
88 137
91 137
93 137
98 137
104 137
109 137
111 137
117 137
118 137
119 137
129 137
133 137
134 137
136 137
0 138
1 138
2 138
5 138
7 138
8 138
10 138
14 138
17 138
18 138
23 138
25 138
27 138
32 138
37 138
41 138
42 138
44 138
49 138
50 138
51 138
53 138
55 138
57 138
58 138
59 138
62 138
63 138
64 138
65 138
69 138
70 138
71 138
78 138
80 138
87 138
88 138
91 138
93 138
98 138
104 138
105 138
109 138
111 138
117 138
118 138
119 138
124 138
129 138
133 138
134 138
136 138
137 138
0 139
2 139
3 139
4 139
5 139
8 139
10 139
13 139
14 139
15 139
19 139
25 139
27 139
30 139
32 139
34 139
36 139
41 139
44 139
45 139
49 139
50 139
51 139
52 139
55 139
56 139
59 139
61 139
74 139
76 139
78 139
79 139
82 139
85 139
86 139
87 139
89 139
91 139
92 139
95 139
98 139
99 139
100 139
102 139
107 139
109 139
113 139
114 139
115 139
116 139
119 139
120 139
125 139
128 139
129 139
131 139
133 139
134 139
136 139
1 140
2 140
5 140
7 140
8 140
11 140
14 140
16 140
17 140
18 140
23 140
27 140
32 140
37 140
42 140
44 140
50 140
53 140
55 140
57 140
58 140
62 140
63 140
64 140
65 140
69 140
70 140
71 140
78 140
80 140
87 140
88 140
93 140
98 140
104 140
105 140
109 140
111 140
117 140
118 140
124 140
129 140
136 140
137 140
138 140
3 141
9 141
24 141
28 141
29 141
30 141
31 141
34 141
36 141
39 141
45 141
52 141
54 141
56 141
60 141
61 141
74 141
76 141
79 141
82 141
85 141
86 141
89 141
92 141
95 141
96 141
97 141
100 141
102 141
107 141
108 141
110 141
112 141
113 141
114 141
115 141
116 141
120 141
121 141
122 141
125 141
127 141
128 141
130 141
131 141
139 141
0 142
3 142
4 142
10 142
13 142
15 142
19 142
24 142
25 142
30 142
31 142
34 142
36 142
41 142
45 142
49 142
51 142
52 142
56 142
59 142
60 142
61 142
74 142
76 142
79 142
82 142
85 142
86 142
89 142
92 142
95 142
97 142
99 142
100 142
102 142
107 142
108 142
110 142
113 142
114 142
115 142
116 142
119 142
120 142
121 142
125 142
128 142
130 142
131 142
133 142
134 142
139 142
141 142
0 143
1 143
2 143
5 143
7 143
8 143
10 143
11 143
14 143
17 143
18 143
23 143
25 143
27 143
32 143
37 143
42 143
44 143
50 143
53 143
55 143
57 143
58 143
62 143
63 143
64 143
65 143
69 143
70 143
71 143
78 143
80 143
87 143
88 143
91 143
93 143
98 143
104 143
105 143
109 143
111 143
117 143
118 143
119 143
124 143
129 143
136 143
137 143
138 143
140 143
0 144
1 144
2 144
4 144
5 144
7 144
8 144
10 144
13 144
14 144
15 144
18 144
19 144
23 144
25 144
27 144
30 144
32 144
34 144
37 144
41 144
44 144
49 144
50 144
51 144
53 144
55 144
57 144
59 144
61 144
62 144
63 144
69 144
76 144
78 144
82 144
87 144
89 144
91 144
93 144
95 144
98 144
99 144
102 144
109 144
111 144
113 144
119 144
128 144
129 144
133 144
134 144
136 144
137 144
138 144
139 144
140 144
143 144
0 145
3 145
4 145
5 145
10 145
13 145
15 145
19 145
25 145
27 145
30 145
31 145
34 145
36 145
41 145
45 145
49 145
51 145
52 145
56 145
59 145
60 145
61 145
74 145
76 145
79 145
82 145
85 145
86 145
89 145
91 145
92 145
95 145
97 145
99 145
100 145
102 145
107 145
110 145
113 145
114 145
115 145
116 145
119 145
120 145
121 145
125 145
128 145
130 145
131 145
133 145
134 145
139 145
141 145
142 145
144 145
0 146
2 146
4 146
5 146
8 146
10 146
13 146
14 146
15 146
19 146
25 146
27 146
30 146
32 146
34 146
36 146
37 146
41 146
44 146
45 146
49 146
50 146
51 146
52 146
53 146
55 146
56 146
59 146
61 146
74 146
76 146
78 146
79 146
82 146
85 146
86 146
87 146
89 146
91 146
92 146
95 146
98 146
99 146
100 146
102 146
107 146
109 146
113 146
115 146
116 146
119 146
120 146
125 146
128 146
129 146
131 146
133 146
134 146
136 146
137 146
139 146
142 146
144 146
145 146
3 147
9 147
24 147
28 147
29 147
31 147
36 147
39 147
45 147
52 147
54 147
56 147
60 147
74 147
76 147
79 147
85 147
86 147
92 147
96 147
97 147
100 147
107 147
108 147
110 147
112 147
114 147
115 147
116 147
120 147
121 147
122 147
125 147
126 147
127 147
130 147
131 147
141 147
142 147
145 147
21 148
22 148
38 148
40 148
47 148
77 148
81 148
84 148
94 148
101 148
0 149
1 149
2 149
4 149
5 149
7 149
8 149
10 149
13 149
14 149
15 149
17 149
18 149
19 149
23 149
25 149
27 149
30 149
32 149
37 149
41 149
44 149
49 149
50 149
51 149
53 149
55 149
57 149
58 149
59 149
62 149
63 149
65 149
69 149
70 149
71 149
78 149
87 149
88 149
91 149
93 149
98 149
99 149
102 149
104 149
109 149
111 149
117 149
118 149
119 149
129 149
133 149
134 149
136 149
137 149
138 149
139 149
140 149
143 149
144 149
146 149
0 150
2 150
4 150
5 150
8 150
10 150
13 150
14 150
15 150
19 150
25 150
27 150
30 150
32 150
34 150
36 150
37 150
41 150
44 150
45 150
49 150
50 150
51 150
52 150
53 150
55 150
56 150
59 150
61 150
74 150
76 150
78 150
79 150
82 150
85 150
86 150
87 150
89 150
91 150
92 150
95 150
98 150
99 150
100 150
102 150
107 150
109 150
113 150
115 150
116 150
119 150
120 150
125 150
128 150
129 150
131 150
133 150
134 150
136 150
139 150
142 150
144 150
145 150
146 150
149 150
3 151
9 151
24 151
26 151
28 151
29 151
31 151
39 151
54 151
60 151
75 151
83 151
86 151
96 151
97 151
103 151
108 151
110 151
112 151
114 151
115 151
116 151
120 151
121 151
122 151
126 151
127 151
130 151
132 151
141 151
147 151
12 152
20 152
26 152
29 152
39 152
43 152
67 152
75 152
83 152
103 152
106 152
122 152
126 152
127 152
132 152
135 152
0 153
1 153
2 153
5 153
7 153
8 153
10 153
11 153
14 153
17 153
18 153
23 153
27 153
32 153
37 153
42 153
44 153
50 153
53 153
55 153
57 153
58 153
62 153
63 153
64 153
65 153
69 153
70 153
71 153
78 153
80 153
87 153
88 153
91 153
93 153
98 153
104 153
105 153
109 153
111 153
117 153
118 153
119 153
124 153
129 153
136 153
137 153
138 153
140 153
143 153
144 153
149 153
3 154
9 154
24 154
28 154
29 154
31 154
34 154
36 154
39 154
45 154
52 154
54 154
56 154
60 154
61 154
74 154
76 154
79 154
82 154
85 154
86 154
89 154
92 154
95 154
96 154
97 154
100 154
107 154
108 154
110 154
112 154
113 154
114 154
115 154
116 154
120 154
121 154
122 154
125 154
126 154
127 154
128 154
130 154
131 154
139 154
141 154
142 154
145 154
147 154
151 154
0 155
1 155
2 155
5 155
7 155
8 155
10 155
14 155
17 155
18 155
19 155
23 155
25 155
27 155
32 155
37 155
41 155
42 155
44 155
49 155
50 155
51 155
53 155
55 155
57 155
58 155
59 155
62 155
63 155
65 155
69 155
70 155
71 155
78 155
80 155
87 155
88 155
91 155
93 155
98 155
104 155
109 155
111 155
117 155
118 155
119 155
129 155
133 155
134 155
136 155
137 155
138 155
140 155
143 155
144 155
146 155
149 155
150 155
153 155
3 156
4 156
13 156
15 156
19 156
24 156
28 156
30 156
31 156
34 156
36 156
41 156
45 156
49 156
52 156
54 156
56 156
60 156
61 156
74 156
76 156
79 156
82 156
85 156
86 156
89 156
92 156
95 156
96 156
97 156
99 156
100 156
102 156
107 156
108 156
110 156
112 156
113 156
114 156
115 156
116 156
120 156
121 156
125 156
128 156
130 156
131 156
133 156
134 156
139 156
141 156
142 156
145 156
146 156
147 156
150 156
151 156
154 156
3 157
4 157
13 157
15 157
19 157
24 157
25 157
28 157
30 157
31 157
34 157
36 157
41 157
45 157
49 157
51 157
52 157
54 157
56 157
59 157
60 157
61 157
74 157
76 157
79 157
82 157
85 157
86 157
89 157
92 157
95 157
96 157
97 157
99 157
100 157
102 157
107 157
108 157
110 157
113 157
114 157
115 157
116 157
119 157
120 157
121 157
125 157
128 157
130 157
131 157
133 157
134 157
139 157
141 157
142 157
145 157
146 157
147 157
150 157
154 157
156 157
0 158
1 158
2 158
5 158
7 158
8 158
10 158
11 158
14 158
17 158
18 158
23 158
25 158
27 158
32 158
37 158
42 158
44 158
50 158
53 158
55 158
57 158
58 158
62 158
63 158
64 158
65 158
69 158
70 158
71 158
78 158
80 158
87 158
88 158
91 158
93 158
98 158
104 158
105 158
109 158
111 158
117 158
118 158
119 158
124 158
129 158
136 158
137 158
138 158
140 158
143 158
144 158
149 158
153 158
155 158
3 159
9 159
24 159
28 159
29 159
31 159
36 159
39 159
45 159
52 159
54 159
60 159
74 159
79 159
83 159
85 159
86 159
96 159
97 159
108 159
110 159
112 159
114 159
115 159
116 159
120 159
121 159
122 159
126 159
127 159
130 159
131 159
132 159
141 159
147 159
151 159
154 159
156 159
157 159
9 160
20 160
24 160
26 160
28 160
29 160
31 160
39 160
54 160
60 160
75 160
83 160
96 160
97 160
103 160
108 160
110 160
112 160
114 160
121 160
122 160
126 160
127 160
130 160
132 160
141 160
147 160
151 160
152 160
154 160
159 160
0 161
1 161
2 161
5 161
7 161
8 161
10 161
14 161
17 161
18 161
23 161
25 161
27 161
32 161
37 161
41 161
42 161
44 161
50 161
51 161
53 161
55 161
57 161
58 161
59 161
62 161
63 161
64 161
65 161
69 161
70 161
71 161
78 161
80 161
87 161
88 161
91 161
93 161
98 161
104 161
105 161
109 161
111 161
117 161
118 161
119 161
124 161
129 161
133 161
134 161
136 161
137 161
138 161
140 161
143 161
144 161
149 161
153 161
155 161
158 161
3 162
4 162
13 162
15 162
19 162
24 162
28 162
30 162
31 162
34 162
36 162
41 162
45 162
49 162
52 162
54 162
56 162
60 162
61 162
74 162
76 162
79 162
82 162
85 162
86 162
89 162
92 162
95 162
96 162
97 162
99 162
100 162
102 162
107 162
108 162
110 162
112 162
113 162
114 162
115 162
116 162
120 162
121 162
125 162
128 162
130 162
131 162
133 162
134 162
139 162
141 162
142 162
145 162
146 162
147 162
150 162
151 162
154 162
156 162
157 162
159 162
3 163
4 163
9 163
13 163
15 163
19 163
24 163
28 163
30 163
31 163
34 163
36 163
45 163
49 163
52 163
54 163
56 163
60 163
61 163
74 163
76 163
79 163
82 163
85 163
86 163
89 163
92 163
95 163
96 163
97 163
99 163
100 163
102 163
107 163
108 163
110 163
112 163
113 163
114 163
115 163
116 163
120 163
121 163
125 163
128 163
130 163
131 163
139 163
141 163
142 163
145 163
146 163
147 163
150 163
151 163
154 163
156 163
157 163
159 163
162 163
3 164
4 164
13 164
15 164
19 164
24 164
28 164
30 164
31 164
34 164
36 164
41 164
45 164
49 164
52 164
54 164
56 164
60 164
61 164
74 164
76 164
79 164
82 164
85 164
86 164
89 164
92 164
95 164
96 164
97 164
99 164
100 164
102 164
107 164
108 164
110 164
112 164
113 164
114 164
115 164
116 164
120 164
121 164
125 164
128 164
130 164
131 164
133 164
134 164
139 164
141 164
142 164
145 164
146 164
147 164
150 164
154 164
156 164
157 164
159 164
162 164
163 164
12 165
20 165
26 165
43 165
67 165
75 165
83 165
103 165
106 165
132 165
135 165
152 165
0 166
1 166
2 166
5 166
7 166
8 166
10 166
14 166
17 166
18 166
23 166
25 166
27 166
32 166
37 166
41 166
42 166
44 166
49 166
50 166
51 166
53 166
55 166
57 166
58 166
59 166
62 166
63 166
64 166
65 166
69 166
70 166
71 166
78 166
80 166
87 166
88 166
91 166
93 166
98 166
104 166
105 166
109 166
111 166
117 166
118 166
119 166
124 166
129 166
133 166
134 166
136 166
137 166
138 166
140 166
143 166
144 166
149 166
153 166
155 166
158 166
161 166
0 167
2 167
4 167
5 167
8 167
10 167
13 167
14 167
15 167
19 167
25 167
27 167
30 167
32 167
34 167
36 167
37 167
41 167
44 167
45 167
49 167
50 167
51 167
52 167
53 167
55 167
56 167
59 167
61 167
74 167
76 167
78 167
79 167
82 167
85 167
86 167
87 167
89 167
91 167
92 167
95 167
98 167
99 167
100 167
102 167
107 167
109 167
113 167
115 167
116 167
119 167
120 167
125 167
128 167
129 167
131 167
133 167
134 167
136 167
139 167
142 167
144 167
145 167
146 167
149 167
150 167
155 167
156 167
157 167
162 167
163 167
164 167
3 168
9 168
24 168
28 168
29 168
31 168
36 168
39 168
45 168
52 168
54 168
56 168
60 168
74 168
76 168
79 168
85 168
86 168
89 168
92 168
96 168
97 168
100 168
107 168
108 168
110 168
112 168
114 168
115 168
116 168
120 168
121 168
122 168
125 168
126 168
127 168
130 168
131 168
141 168
142 168
145 168
147 168
151 168
154 168
156 168
157 168
159 168
160 168
162 168
163 168
164 168
3 169
4 169
9 169
13 169
15 169
24 169
28 169
30 169
31 169
34 169
36 169
39 169
45 169
52 169
54 169
56 169
60 169
61 169
74 169
76 169
79 169
82 169
85 169
86 169
89 169
92 169
95 169
96 169
97 169
99 169
100 169
102 169
107 169
108 169
110 169
112 169
113 169
114 169
115 169
116 169
120 169
121 169
122 169
125 169
128 169
130 169
131 169
139 169
141 169
142 169
145 169
147 169
151 169
154 169
156 169
157 169
159 169
162 169
163 169
164 169
168 169
0 170
3 170
4 170
10 170
13 170
15 170
19 170
24 170
25 170
30 170
31 170
34 170
36 170
41 170
45 170
49 170
51 170
52 170
56 170
59 170
60 170
61 170
74 170
76 170
79 170
82 170
85 170
86 170
89 170
92 170
95 170
97 170
99 170
100 170
102 170
107 170
108 170
110 170
113 170
114 170
115 170
116 170
119 170
120 170
121 170
125 170
128 170
130 170
131 170
133 170
134 170
139 170
141 170
142 170
145 170
146 170
147 170
150 170
154 170
156 170
157 170
162 170
163 170
164 170
167 170
168 170
169 170
1 171
2 171
7 171
8 171
11 171
14 171
16 171
17 171
18 171
23 171
32 171
37 171
42 171
50 171
53 171
55 171
57 171
58 171
62 171
63 171
64 171
65 171
69 171
70 171
71 171
78 171
80 171
87 171
88 171
93 171
104 171
105 171
109 171
111 171
117 171
118 171
124 171
129 171
136 171
137 171
138 171
140 171
143 171
149 171
153 171
155 171
158 171
161 171
166 171
9 172
12 172
20 172
26 172
29 172
39 172
43 172
75 172
83 172
96 172
103 172
106 172
112 172
122 172
126 172
127 172
132 172
135 172
151 172
152 172
160 172
165 172
9 173
20 173
24 173
26 173
28 173
29 173
31 173
39 173
54 173
60 173
75 173
83 173
96 173
97 173
103 173
108 173
110 173
112 173
114 173
121 173
122 173
126 173
127 173
130 173
132 173
141 173
147 173
151 173
152 173
154 173
159 173
160 173
168 173
172 173
6 174
21 174
22 174
35 174
38 174
40 174
46 174
47 174
72 174
73 174
77 174
81 174
84 174
90 174
94 174
101 174
123 174
148 174
1 175
2 175
7 175
8 175
11 175
16 175
17 175
18 175
23 175
35 175
37 175
42 175
50 175
53 175
57 175
58 175
62 175
63 175
64 175
65 175
69 175
70 175
71 175
78 175
80 175
87 175
88 175
93 175
104 175
105 175
109 175
111 175
117 175
118 175
124 175
129 175
136 175
137 175
138 175
140 175
143 175
149 175
153 175
155 175
158 175
161 175
166 175
171 175
0 176
3 176
4 176
10 176
13 176
15 176
19 176
24 176
25 176
30 176
31 176
34 176
36 176
41 176
45 176
49 176
51 176
52 176
56 176
59 176
60 176
61 176
74 176
76 176
79 176
82 176
85 176
86 176
89 176
92 176
95 176
97 176
99 176
100 176
102 176
107 176
108 176
110 176
113 176
114 176
115 176
116 176
119 176
120 176
121 176
125 176
128 176
130 176
131 176
133 176
134 176
139 176
141 176
142 176
145 176
146 176
147 176
150 176
154 176
156 176
157 176
162 176
163 176
164 176
167 176
168 176
169 176
170 176
6 177
11 177
16 177
17 177
18 177
21 177
23 177
35 177
40 177
42 177
46 177
58 177
62 177
63 177
64 177
65 177
69 177
70 177
71 177
72 177
73 177
80 177
88 177
90 177
93 177
104 177
105 177
117 177
118 177
123 177
124 177
140 177
143 177
153 177
158 177
171 177
175 177
0 178
1 178
2 178
4 178
5 178
7 178
8 178
10 178
13 178
14 178
15 178
18 178
19 178
23 178
25 178
27 178
30 178
32 178
34 178
37 178
41 178
44 178
49 178
50 178
51 178
53 178
55 178
56 178
57 178
59 178
61 178
62 178
76 178
78 178
82 178
87 178
89 178
91 178
92 178
93 178
95 178
98 178
99 178
100 178
102 178
107 178
109 178
111 178
113 178
119 178
125 178
128 178
129 178
133 178
134 178
136 178
137 178
138 178
139 178
142 178
143 178
144 178
145 178
146 178
149 178
150 178
153 178
155 178
158 178
161 178
166 178
167 178
170 178
176 178
12 179
20 179
26 179
29 179
43 179
67 179
75 179
83 179
103 179
106 179
126 179
127 179
132 179
135 179
152 179
160 179
165 179
172 179
173 179
12 180
20 180
26 180
43 180
67 180
75 180
83 180
103 180
106 180
132 180
135 180
152 180
165 180
172 180
179 180
0 181
2 181
3 181
4 181
5 181
8 181
10 181
13 181
14 181
15 181
19 181
25 181
27 181
30 181
32 181
34 181
36 181
37 181
41 181
44 181
45 181
49 181
50 181
51 181
52 181
53 181
55 181
56 181
59 181
61 181
74 181
76 181
78 181
79 181
82 181
85 181
86 181
87 181
89 181
91 181
92 181
95 181
98 181
99 181
100 181
102 181
107 181
109 181
113 181
115 181
116 181
119 181
120 181
125 181
128 181
129 181
131 181
133 181
134 181
136 181
139 181
142 181
144 181
145 181
146 181
149 181
150 181
156 181
157 181
162 181
163 181
164 181
167 181
169 181
170 181
176 181
178 181
12 182
20 182
26 182
43 182
67 182
75 182
83 182
103 182
106 182
132 182
135 182
152 182
165 182
172 182
179 182
180 182
22 183
33 183
47 183
66 183
81 183
94 183
101 183
148 183
0 184
3 184
4 184
5 184
10 184
13 184
14 184
15 184
19 184
25 184
27 184
30 184
32 184
34 184
36 184
41 184
44 184
45 184
49 184
51 184
52 184
55 184
56 184
59 184
61 184
74 184
76 184
79 184
82 184
85 184
86 184
89 184
91 184
92 184
95 184
98 184
99 184
100 184
102 184
107 184
113 184
114 184
115 184
116 184
119 184
120 184
121 184
125 184
128 184
131 184
133 184
134 184
139 184
141 184
142 184
144 184
145 184
146 184
150 184
154 184
156 184
157 184
162 184
163 184
164 184
167 184
169 184
170 184
176 184
178 184
181 184
3 185
9 185
20 185
24 185
26 185
28 185
29 185
31 185
39 185
54 185
60 185
75 185
83 185
96 185
97 185
103 185
108 185
110 185
112 185
114 185
116 185
121 185
122 185
126 185
127 185
130 185
132 185
141 185
147 185
151 185
152 185
154 185
159 185
160 185
168 185
169 185
172 185
173 185
1 186
2 186
7 186
8 186
11 186
16 186
17 186
18 186
23 186
35 186
37 186
42 186
50 186
53 186
57 186
58 186
62 186
63 186
64 186
65 186
69 186
70 186
71 186
78 186
80 186
87 186
88 186
93 186
104 186
105 186
109 186
111 186
117 186
118 186
124 186
129 186
136 186
137 186
138 186
140 186
143 186
149 186
153 186
155 186
158 186
161 186
166 186
171 186
175 186
177 186
0 187
1 187
2 187
4 187
5 187
7 187
8 187
10 187
13 187
14 187
15 187
18 187
19 187
23 187
25 187
27 187
30 187
32 187
34 187
37 187
41 187
44 187
45 187
49 187
50 187
51 187
53 187
55 187
56 187
57 187
59 187
61 187
62 187
76 187
78 187
82 187
87 187
89 187
91 187
92 187
93 187
95 187
98 187
99 187
100 187
102 187
107 187
109 187
111 187
113 187
119 187
125 187
128 187
129 187
133 187
134 187
136 187
137 187
138 187
139 187
142 187
143 187
144 187
145 187
146 187
149 187
150 187
153 187
155 187
158 187
161 187
166 187
167 187
170 187
176 187
178 187
181 187
184 187
1 188
2 188
7 188
11 188
16 188
17 188
18 188
23 188
35 188
37 188
42 188
50 188
53 188
57 188
58 188
62 188
63 188
64 188
65 188
69 188
70 188
71 188
78 188
80 188
87 188
88 188
93 188
104 188
105 188
109 188
111 188
117 188
118 188
124 188
129 188
136 188
137 188
138 188
140 188
143 188
149 188
153 188
155 188
158 188
161 188
166 188
171 188
175 188
177 188
186 188
6 189
11 189
16 189
17 189
21 189
35 189
38 189
40 189
42 189
46 189
58 189
64 189
65 189
70 189
71 189
72 189
73 189
77 189
80 189
84 189
88 189
90 189
104 189
105 189
117 189
118 189
123 189
124 189
171 189
175 189
177 189
186 189
188 189
1 190
2 190
7 190
8 190
11 190
14 190
16 190
17 190
18 190
23 190
32 190
37 190
42 190
50 190
53 190
55 190
57 190
58 190
62 190
63 190
64 190
65 190
69 190
70 190
71 190
78 190
80 190
87 190
88 190
93 190
98 190
104 190
105 190
109 190
111 190
117 190
118 190
124 190
129 190
136 190
137 190
138 190
140 190
143 190
149 190
153 190
155 190
158 190
161 190
166 190
171 190
175 190
177 190
186 190
188 190
189 190
1 191
2 191
5 191
7 191
8 191
11 191
14 191
16 191
17 191
18 191
23 191
27 191
32 191
37 191
42 191
44 191
50 191
53 191
55 191
57 191
58 191
62 191
63 191
64 191
65 191
69 191
70 191
71 191
78 191
80 191
87 191
88 191
93 191
98 191
104 191
105 191
109 191
111 191
117 191
118 191
124 191
129 191
136 191
137 191
138 191
140 191
143 191
144 191
149 191
153 191
155 191
158 191
161 191
166 191
171 191
175 191
177 191
186 191
188 191
190 191
6 192
11 192
16 192
17 192
21 192
35 192
38 192
40 192
42 192
46 192
58 192
63 192
64 192
65 192
69 192
70 192
71 192
72 192
73 192
80 192
88 192
90 192
104 192
105 192
117 192
118 192
123 192
124 192
140 192
171 192
175 192
177 192
186 192
188 192
189 192
190 192
191 192
3 193
9 193
24 193
28 193
29 193
31 193
36 193
39 193
45 193
52 193
54 193
56 193
60 193
74 193
79 193
85 193
86 193
92 193
96 193
97 193
100 193
107 193
108 193
110 193
112 193
114 193
115 193
116 193
120 193
121 193
122 193
125 193
126 193
127 193
130 193
131 193
141 193
142 193
145 193
147 193
151 193
154 193
156 193
157 193
159 193
160 193
162 193
163 193
164 193
168 193
169 193
170 193
173 193
176 193
185 193
1 194
2 194
7 194
11 194
16 194
17 194
18 194
23 194
35 194
37 194
42 194
46 194
53 194
57 194
58 194
62 194
63 194
64 194
65 194
69 194
70 194
71 194
80 194
88 194
93 194
104 194
105 194
111 194
117 194
118 194
124 194
129 194
137 194
138 194
140 194
143 194
153 194
155 194
158 194
161 194
166 194
171 194
175 194
177 194
186 194
188 194
189 194
190 194
191 194
192 194
6 195
11 195
16 195
21 195
22 195
35 195
38 195
40 195
42 195
46 195
64 195
72 195
73 195
77 195
80 195
84 195
90 195
94 195
105 195
123 195
124 195
174 195
177 195
189 195
192 195
194 195
21 196
22 196
38 196
40 196
47 196
72 196
73 196
77 196
81 196
84 196
90 196
94 196
101 196
148 196
174 196
183 196
0 197
1 197
2 197
4 197
5 197
7 197
8 197
10 197
13 197
14 197
15 197
19 197
25 197
27 197
30 197
32 197
34 197
36 197
37 197
41 197
44 197
45 197
49 197
50 197
51 197
52 197
53 197
55 197
56 197
57 197
59 197
61 197
74 197
76 197
78 197
79 197
82 197
85 197
87 197
89 197
91 197
92 197
95 197
98 197
99 197
100 197
102 197
107 197
109 197
111 197
113 197
119 197
125 197
128 197
129 197
131 197
133 197
134 197
136 197
137 197
138 197
139 197
142 197
144 197
145 197
146 197
149 197
150 197
155 197
156 197
157 197
161 197
162 197
164 197
166 197
167 197
170 197
176 197
178 197
181 197
184 197
187 197
3 198
9 198
24 198
26 198
28 198
29 198
31 198
39 198
54 198
60 198
75 198
83 198
86 198
96 198
97 198
103 198
108 198
110 198
112 198
114 198
115 198
116 198
120 198
121 198
122 198
126 198
127 198
130 198
132 198
141 198
147 198
151 198
154 198
156 198
159 198
160 198
162 198
163 198
164 198
168 198
169 198
172 198
173 198
185 198
193 198
6 199
11 199
16 199
17 199
21 199
35 199
40 199
42 199
46 199
58 199
63 199
64 199
65 199
69 199
70 199
71 199
72 199
73 199
80 199
88 199
90 199
104 199
105 199
117 199
118 199
123 199
124 199
140 199
171 199
175 199
177 199
186 199
188 199
189 199
190 199
191 199
192 199
194 199
195 199