norm 0.0 1.0 200
0 3
4 5
1 6
2 6
2 8
4 8
1 9
6 9
7 9
2 10
6 10
8 10
4 11
5 11
2 12
4 12
8 12
10 12
2 13
6 13
8 13
10 13
12 13
2 14
4 14
8 14
10 14
12 14
13 14
1 15
6 15
9 15
10 15
4 16
5 16
11 16
4 18
5 18
8 18
11 18
12 18
14 18
16 18
1 19
7 19
9 19
1 20
7 20
9 20
19 20
1 21
6 21
9 21
10 21
15 21
19 21
4 22
5 22
11 22
16 22
18 22
1 23
6 23
7 23
9 23
15 23
19 23
20 23
21 23
3 24
7 24
19 24
20 24
1 25
2 25
6 25
8 25
10 25
13 25
14 25
15 25
21 25
0 26
3 26
24 26
11 27
17 27
1 28
6 28
9 28
15 28
19 28
20 28
21 28
23 28
25 28
1 29
2 29
6 29
9 29
10 29
13 29
15 29
21 29
23 29
25 29
28 29
4 30
5 30
11 30
12 30
16 30
18 30
22 30
1 31
2 31
6 31
10 31
13 31
15 31
21 31
25 31
28 31
29 31
0 32
4 33
5 33
11 33
16 33
18 33
22 33
27 33
30 33
4 34
5 34
11 34
16 34
18 34
22 34
30 34
33 34
2 35
4 35
8 35
10 35
12 35
13 35
14 35
18 35
25 35
31 35
17 36
0 37
3 37
26 37
32 37
1 38
2 38
6 38
10 38
13 38
15 38
21 38
25 38
28 38
29 38
31 38
35 38
1 39
6 39
7 39
9 39
15 39
19 39
20 39
21 39
23 39
28 39
29 39
1 40
2 40
6 40
8 40
10 40
12 40
13 40
14 40
15 40
21 40
25 40
29 40
31 40
35 40
38 40
2 41
4 41
5 41
8 41
10 41
12 41
13 41
14 41
18 41
30 41
34 41
35 41
40 41
17 42
36 42
1 43
6 43
9 43
15 43
19 43
20 43
21 43
23 43
25 43
28 43
29 43
31 43
38 43
39 43
40 43
1 44
7 44
9 44
19 44
20 44
21 44
23 44
24 44
28 44
39 44
43 44
1 45
6 45
7 45
9 45
15 45
19 45
20 45
21 45
23 45
28 45
29 45
31 45
38 45
39 45
43 45
44 45
2 46
6 46
8 46
10 46
12 46
13 46
14 46
15 46
25 46
29 46
31 46
35 46
38 46
40 46
41 46
4 47
5 47
8 47
11 47
12 47
14 47
16 47
18 47
22 47
30 47
33 47
34 47
41 47
11 48
17 48
27 48
33 48
0 49
3 49
26 49
32 49
37 49
1 50
6 50
9 50
15 50
19 50
20 50
21 50
23 50
25 50
28 50
29 50
31 50
38 50
39 50
40 50
43 50
44 50
45 50
1 51
6 51
7 51
9 51
15 51
19 51
20 51
21 51
23 51
28 51
29 51
31 51
38 51
39 51
43 51
44 51
45 51
50 51
7 52
9 52
19 52
20 52
23 52
24 52
39 52
44 52
1 53
2 53
6 53
9 53
10 53
13 53
15 53
21 53
25 53
28 53
29 53
31 53
35 53
38 53
39 53
40 53
43 53
45 53
46 53
50 53
51 53
2 54
6 54
8 54
10 54
12 54
13 54
14 54
25 54
29 54
31 54
35 54
38 54
40 54
41 54
46 54
53 54
1 55
2 55
6 55
9 55
10 55
13 55
15 55
21 55
23 55
25 55
28 55
29 55
31 55
38 55
39 55
40 55
43 55
45 55
46 55
50 55
51 55
53 55
54 55
3 56
7 56
19 56
20 56
24 56
26 56
44 56
52 56
4 57
5 57
11 57
16 57
18 57
22 57
27 57
30 57
33 57
34 57
47 57
48 57
4 58
5 58
8 58
11 58
12 58
14 58
16 58
18 58
22 58
30 58
33 58
34 58
41 58
47 58
57 58
4 59
5 59
8 59
11 59
12 59
14 59
16 59
18 59
22 59
30 59
33 59
34 59
41 59
47 59
57 59
58 59
2 60
4 60
8 60
10 60
12 60
13 60
14 60
18 60
25 60
35 60
40 60
41 60
46 60
47 60
54 60
58 60
59 60
1 61
2 61
6 61
9 61
10 61
13 61
15 61
21 61
23 61
25 61
28 61
29 61
31 61
38 61
39 61
40 61
43 61
45 61
46 61
50 61
51 61
53 61
54 61
55 61
1 62
2 62
6 62
10 62
13 62
15 62
21 62
25 62
28 62
29 62
31 62
35 62
38 62
40 62
43 62
45 62
46 62
50 62
51 62
53 62
54 62
55 62
61 62
1 63
2 63
6 63
9 63
10 63
13 63
15 63
21 63
23 63
25 63
28 63
29 63
31 63
35 63
38 63
39 63
40 63
43 63
45 63
46 63
50 63
51 63
53 63
54 63
55 63
61 63
62 63
1 64
6 64
9 64
10 64
15 64
21 64
23 64
25 64
28 64
29 64
31 64
38 64
39 64
40 64
43 64
45 64
46 64
50 64
51 64
53 64
55 64
61 64
62 64
63 64
4 65
5 65
11 65
16 65
18 65
22 65
27 65
30 65
33 65
34 65
47 65
57 65
58 65
59 65
4 66
5 66
11 66
16 66
18 66
22 66
27 66
30 66
33 66
34 66
47 66
48 66
57 66
58 66
59 66
65 66
4 67
5 67
8 67
11 67
12 67
14 67
16 67
18 67
22 67
30 67
33 67
34 67
35 67
41 67
47 67
57 67
58 67
59 67
60 67
65 67
66 67
1 68
2 68
6 68
9 68
10 68
15 68
21 68
23 68
25 68
28 68
29 68
31 68
38 68
39 68
40 68
43 68
45 68
46 68
50 68
51 68
53 68
55 68
61 68
62 68
63 68
64 68
4 69
5 69
8 69
11 69
12 69
14 69
16 69
18 69
22 69
30 69
33 69
34 69
35 69
41 69
47 69
57 69
58 69
59 69
60 69
65 69
66 69
67 69
17 70
27 70
36 70
42 70
48 70
17 71
27 71
36 71
42 71
48 71
70 71
7 72
9 72
19 72
20 72
23 72
24 72
28 72
39 72
43 72
44 72
45 72
51 72
52 72
56 72
1 73
6 73
7 73
9 73
15 73
19 73
20 73
21 73
23 73
28 73
29 73
39 73
43 73
44 73
45 73
50 73
51 73
52 73
53 73
55 73
61 73
63 73
64 73
68 73
72 73
1 74
2 74
6 74
9 74
10 74
13 74
15 74
21 74
23 74
25 74
28 74
29 74
31 74
38 74
39 74
40 74
43 74
45 74
46 74
50 74
51 74
53 74
54 74
55 74
61 74
62 74
63 74
64 74
68 74
73 74
2 75
4 75
5 75
8 75
12 75
13 75
14 75
16 75
18 75
22 75
30 75
34 75
35 75
41 75
46 75
47 75
54 75
58 75
59 75
60 75
65 75
67 75
69 75
1 76
2 76
6 76
9 76
10 76
13 76
15 76
21 76
23 76
25 76
28 76
29 76
31 76
38 76
39 76
40 76
43 76
45 76
46 76
50 76
51 76
53 76
54 76
55 76
61 76
62 76
63 76
64 76
68 76
73 76
74 76
7 77
9 77
19 77
20 77
23 77
24 77
26 77
44 77
52 77
56 77
72 77
1 78
6 78
7 78
9 78
15 78
19 78
20 78
21 78
23 78
28 78
29 78
39 78
43 78
44 78
45 78
50 78
51 78
52 78
61 78
64 78
68 78
72 78
73 78
74 78
77 78
2 79
4 79
5 79
8 79
10 79
12 79
13 79
14 79
16 79
18 79
22 79
30 79
34 79
35 79
41 79
46 79
47 79
54 79
58 79
59 79
60 79
67 79
69 79
75 79
2 80
4 80
8 80
10 80
12 80
13 80
14 80
18 80
25 80
31 80
35 80
38 80
40 80
41 80
46 80
53 80
54 80
55 80
60 80
62 80
63 80
67 80
74 80
75 80
76 80
79 80
1 81
6 81
7 81
9 81
15 81
19 81
20 81
21 81
23 81
28 81
29 81
39 81
43 81
44 81
45 81
50 81
51 81
52 81
55 81
61 81
63 81
64 81
68 81
72 81
73 81
74 81
76 81
77 81
78 81
2 82
4 82
8 82
10 82
12 82
13 82
14 82
18 82
25 82
31 82
35 82
38 82
40 82
41 82
46 82
53 82
54 82
60 82
62 82
67 82
69 82
75 82
79 82
80 82
1 83
2 83
6 83
8 83
10 83
12 83
13 83
14 83
15 83
21 83
25 83
29 83
31 83
35 83
38 83
40 83
41 83
46 83
50 83
53 83
54 83
55 83
60 83
61 83
62 83
63 83
64 83
68 83
74 83
76 83
80 83
82 83
4 84
5 84
8 84
11 84
12 84
14 84
16 84
18 84
22 84
30 84
33 84
34 84
35 84
41 84
47 84
57 84
58 84
59 84
60 84
65 84
66 84
67 84
69 84
75 84
79 84
82 84
7 85
9 85
19 85
20 85
23 85
24 85
39 85
44 85
45 85
51 85
52 85
56 85
72 85
73 85
77 85
78 85
81 85
17 86
36 86
42 86
70 86
71 86
4 87
5 87
11 87
16 87
18 87
22 87
30 87
33 87
34 87
47 87
57 87
58 87
59 87
65 87
66 87
67 87
69 87
75 87
79 87
84 87
1 88
2 88
6 88
9 88
10 88
15 88
21 88
23 88
25 88
28 88
29 88
31 88
38 88
39 88
40 88
43 88
45 88
46 88
50 88
51 88
53 88
54 88
55 88
61 88
62 88
63 88
64 88
68 88
73 88
74 88
76 88
78 88
81 88
83 88
0 89
32 89
37 89
49 89
4 90
5 90
8 90
11 90
12 90
14 90
16 90
18 90
22 90
30 90
33 90
34 90
35 90
41 90
47 90
57 90
58 90
59 90
60 90
65 90
66 90
67 90
69 90
75 90
79 90
80 90
82 90
84 90
87 90
5 91
11 91
16 91
17 91
18 91
22 91
27 91
30 91
33 91
34 91
47 91
48 91
57 91
58 91
59 91
65 91
66 91
69 91
70 91
71 91
84 91
87 91
1 92
6 92
9 92
15 92
19 92
20 92
21 92
23 92
25 92
28 92
29 92
31 92
38 92
39 92
43 92
44 92
45 92
50 92
51 92
53 92
55 92
61 92
62 92
63 92
64 92
68 92
72 92
73 92
74 92
76 92
78 92
81 92
88 92
1 93
6 93
7 93
9 93
15 93
19 93
20 93
21 93
23 93
24 93
28 93
29 93
39 93
43 93
44 93
45 93
50 93
51 93
52 93
61 93
64 93
68 93
72 93
73 93
77 93
78 93
81 93
85 93
88 93
92 93
3 94
7 94
24 94
26 94
37 94
49 94
52 94
56 94
77 94
85 94
1 95
2 95
6 95
9 95
10 95
13 95
15 95
21 95
23 95
25 95
28 95
29 95
31 95
38 95
39 95
40 95
43 95
45 95
46 95
50 95
51 95
53 95
54 95
55 95
61 95
62 95
63 95
64 95
68 95
73 95
74 95
76 95
78 95
81 95
83 95
88 95
92 95
93 95
1 96
6 96
7 96
9 96
15 96
19 96
20 96
21 96
23 96
28 96
29 96
39 96
43 96
44 96
45 96
50 96
51 96
52 96
53 96
55 96
61 96
63 96
64 96
68 96
72 96
73 96
74 96
76 96
78 96
81 96
85 96
88 96
92 96
93 96
95 96
2 97
4 97
5 97
8 97
12 97
13 97
14 97
16 97
18 97
22 97
30 97
33 97
34 97
35 97
41 97
47 97
54 97
58 97
59 97
60 97
65 97
66 97
67 97
69 97
75 97
79 97
80 97
82 97
84 97
87 97
90 97
4 98
5 98
8 98
11 98
12 98
14 98
16 98
18 98
22 98
30 98
33 98
34 98
41 98
47 98
57 98
58 98
59 98
60 98
65 98
66 98
67 98
69 98
75 98
79 98
84 98
87 98
90 98
91 98
97 98
0 99
3 99
26 99
32 99
37 99
49 99
89 99
94 99
7 100
19 100
20 100
23 100
24 100
26 100
44 100
52 100
56 100
72 100
77 100
78 100
81 100
85 100
93 100
94 100
4 101
5 101
11 101
16 101
18 101
22 101
27 101
30 101
33 101
34 101
47 101
48 101
57 101
58 101
59 101
65 101
66 101
67 101
69 101
84 101
87 101
90 101
91 101
98 101
2 102
4 102
5 102
8 102
10 102
12 102
13 102
14 102
18 102
30 102
34 102
35 102
40 102
41 102
46 102
47 102
54 102
58 102
59 102
60 102
67 102
69 102
75 102
79 102
80 102
82 102
83 102
84 102
90 102
97 102
98 102
7 103
9 103
19 103
20 103
23 103
24 103
28 103
39 103
44 103
45 103
51 103
52 103
56 103
72 103
73 103
77 103
78 103
81 103
85 103
92 103
93 103
94 103
96 103
100 103
7 104
9 104
19 104
20 104
23 104
24 104
39 104
44 104
45 104
51 104
52 104
56 104
72 104
73 104
77 104
78 104
81 104
85 104
93 104
94 104
96 104
100 104
103 104
3 105
7 105
20 105
24 105
26 105
37 105
49 105
52 105
56 105
72 105
77 105
85 105
94 105
99 105
100 105
103 105
104 105
2 106
4 106
8 106
10 106
12 106
13 106
14 106
18 106
25 106
31 106
35 106
38 106
40 106
41 106
46 106
53 106
54 106
55 106
60 106
62 106
63 106
67 106
74 106
75 106
76 106
79 106
80 106
82 106
83 106
90 106
97 106
102 106
4 107
5 107
11 107
16 107
18 107
22 107
27 107
30 107
33 107
34 107
47 107
48 107
57 107
58 107
59 107
65 107
66 107
67 107
69 107
84 107
87 107
90 107
91 107
97 107
98 107
101 107
2 108
4 108
5 108
8 108
12 108
13 108
14 108
16 108
18 108
22 108
30 108
34 108
35 108
41 108
46 108
47 108
54 108
58 108
59 108
60 108
67 108
69 108
75 108
79 108
80 108
82 108
84 108
87 108
90 108
97 108
98 108
102 108
106 108
1 110
6 110
7 110
9 110
15 110
19 110
20 110
21 110
23 110
28 110
29 110
31 110
38 110
39 110
43 110
44 110
45 110
50 110
51 110
53 110
55 110
61 110
62 110
63 110
64 110
68 110
72 110
73 110
74 110
76 110
78 110
81 110
85 110
88 110
92 110
93 110
95 110
96 110
103 110
2 111
4 111
5 111
8 111
10 111
12 111
13 111
14 111
16 111
18 111
22 111
30 111
34 111
35 111
41 111
46 111
47 111
54 111
58 111
59 111
60 111
67 111
69 111
75 111
79 111
80 111
82 111
84 111
87 111
90 111
97 111
98 111
102 111
106 111
108 111
7 112
9 112
19 112
20 112
23 112
24 112
26 112
44 112
52 112
56 112
72 112
77 112
78 112
81 112
85 112
93 112
94 112
100 112
103 112
104 112
105 112
1 113
6 113
9 113
10 113
15 113
21 113
23 113
25 113
28 113
29 113
31 113
38 113
39 113
40 113
43 113
45 113
46 113
50 113
51 113
53 113
55 113
61 113
62 113
63 113
64 113
68 113
73 113
74 113
76 113
78 113
81 113
83 113
88 113
92 113
93 113
95 113
96 113
110 113
4 114
5 114
11 114
16 114
18 114
22 114
27 114
30 114
33 114
34 114
47 114
57 114
58 114
59 114
65 114
66 114
67 114
69 114
75 114
79 114
84 114
87 114
90 114
91 114
97 114
98 114
101 114
107 114
108 114
111 114
1 115
6 115
9 115
10 115
15 115
21 115
23 115
25 115
28 115
29 115
31 115
38 115
39 115
40 115
43 115
45 115
46 115
50 115
51 115
53 115
55 115
61 115
62 115
63 115
64 115
68 115
73 115
74 115
76 115
78 115
81 115
83 115
88 115
92 115
93 115
95 115
96 115
110 115
113 115
1 116
6 116
7 116
9 116
15 116
19 116
20 116
21 116
23 116
28 116
29 116
39 116
43 116
44 116
45 116
50 116
51 116
52 116
55 116
61 116
63 116
64 116
68 116
72 116
73 116
74 116
76 116
77 116
78 116
81 116
85 116
88 116
92 116
93 116
95 116
96 116
100 116
103 116
104 116
110 116
112 116
113 116
115 116
1 117
6 117
7 117
9 117
15 117
19 117
20 117
21 117
23 117
24 117
28 117
39 117
43 117
44 117
45 117
50 117
51 117
52 117
61 117
64 117
68 117
72 117
73 117
77 117
78 117
81 117
85 117
88 117
92 117
93 117
95 117
96 117
100 117
103 117
104 117
110 117
112 117
113 117
115 117
116 117
1 118
2 118
6 118
8 118
10 118
13 118
14 118
15 118
21 118
25 118
28 118
29 118
31 118
35 118
38 118
40 118
43 118
46 118
50 118
53 118
54 118
55 118
60 118
61 118
62 118
63 118
64 118
68 118
74 118
76 118
80 118
82 118
83 118
88 118
92 118
95 118
106 118
110 118
113 118
115 118
2 119
4 119
5 119
8 119
12 119
13 119
14 119
16 119
18 119
22 119
30 119
34 119
35 119
41 119
46 119
47 119
54 119
58 119
59 119
60 119
65 119
67 119
69 119
75 119
79 119
80 119
82 119
84 119
87 119
90 119
97 119
98 119
102 119
106 119
108 119
111 119
114 119
1 120
6 120
9 120
10 120
15 120
21 120
23 120
25 120
28 120
29 120
31 120
38 120
39 120
40 120
43 120
44 120
45 120
50 120
51 120
53 120
55 120
61 120
62 120
63 120
64 120
68 120
73 120
74 120
76 120
78 120
81 120
83 120
88 120
92 120
93 120
95 120
96 120
110 120
113 120
115 120
116 120
117 120
118 120
17 121
27 121
42 121
48 121
70 121
71 121
86 121
91 121
101 121
1 122
2 122
6 122
9 122
10 122
13 122
15 122
21 122
23 122
25 122
28 122
29 122
31 122
38 122
39 122
40 122
43 122
45 122
46 122
50 122
51 122
53 122
54 122
55 122
61 122
62 122
63 122
64 122
68 122
73 122
74 122
76 122
78 122
81 122
83 122
88 122
92 122
93 122
95 122
96 122
110 122
113 122
115 122
116 122
117 122
118 122
120 122
1 123
2 123
6 123
10 123
13 123
15 123
21 123
25 123
28 123
29 123
31 123
35 123
38 123
39 123
40 123
43 123
45 123
46 123
50 123
51 123
53 123
54 123
55 123
61 123
62 123
63 123
64 123
68 123
74 123
76 123
80 123
82 123
83 123
88 123
92 123
95 123
96 123
106 123
110 123
113 123
115 123
118 123
120 123
122 123
2 124
6 124
8 124
10 124
12 124
13 124
14 124
25 124
29 124
31 124
35 124
38 124
40 124
41 124
46 124
53 124
54 124
55 124
60 124
61 124
62 124
63 124
68 124
74 124
75 124
76 124
79 124
80 124
82 124
83 124
88 124
95 124
97 124
102 124
106 124
108 124
111 124
118 124
119 124
122 124
123 124
1 125
6 125
7 125
9 125
15 125
19 125
20 125
21 125
23 125
28 125
29 125
31 125
38 125
39 125
43 125
44 125
45 125
50 125
51 125
53 125
55 125
61 125
62 125
63 125
64 125
68 125
72 125
73 125
74 125
76 125
78 125
81 125
85 125
88 125
92 125
93 125
95 125
96 125
103 125
104 125
110 125
113 125
115 125
116 125
117 125
120 125
122 125
123 125
2 126
6 126
8 126
10 126
12 126
13 126
14 126
15 126
25 126
29 126
31 126
35 126
38 126
40 126
41 126
46 126
53 126
54 126
55 126
60 126
61 126
62 126
63 126
64 126
68 126
74 126
75 126
76 126
79 126
80 126
82 126
83 126
88 126
95 126
102 126
106 126
108 126
111 126
113 126
115 126
118 126
119 126
120 126
122 126
123 126
124 126
2 127
4 127
5 127
8 127
10 127
12 127
13 127
14 127
18 127
22 127
30 127
34 127
35 127
40 127
41 127
46 127
47 127
54 127
58 127
59 127
60 127
67 127
69 127
75 127
79 127
80 127
82 127
83 127
84 127
87 127
90 127
97 127
98 127
102 127
106 127
108 127
111 127
119 127
124 127
126 127
4 128
5 128
8 128
11 128
12 128
14 128
16 128
18 128
22 128
30 128
33 128
34 128
35 128
41 128
47 128
57 128
58 128
59 128
60 128
65 128
66 128
67 128
69 128
75 128
79 128
80 128
82 128
84 128
87 128
90 128
97 128
98 128
102 128
106 128
107 128
108 128
111 128
114 128
119 128
127 128
2 129
6 129
8 129
10 129
12 129
13 129
14 129
15 129
21 129
25 129
29 129
31 129
35 129
38 129
40 129
41 129
46 129
53 129
54 129
55 129
60 129
61 129
62 129
63 129
64 129
68 129
74 129
76 129
79 129
80 129
82 129
83 129
88 129
95 129
102 129
106 129
108 129
111 129
113 129
115 129
118 129
119 129
120 129
122 129
123 129
124 129
126 129
127 129
1 130
2 130
6 130
9 130
10 130
13 130
15 130
21 130
23 130
25 130
28 130
29 130
31 130
38 130
39 130
40 130
43 130
45 130
46 130
50 130
51 130
53 130
54 130
55 130
61 130
62 130
63 130
64 130
68 130
73 130
74 130
76 130
78 130
81 130
83 130
88 130
92 130
93 130
95 130
96 130
110 130
113 130
115 130
116 130
117 130
118 130
120 130
122 130
123 130
124 130
125 130
126 130
129 130
7 131
9 131
19 131
20 131
23 131
24 131
28 131
39 131
43 131
44 131
45 131
50 131
51 131
52 131
56 131
72 131
73 131
77 131
78 131
81 131
85 131
92 131
93 131
96 131
100 131
103 131
104 131
105 131
110 131
112 131
116 131
117 131
125 131
2 132
4 132
8 132
10 132
12 132
13 132
14 132
18 132
25 132
31 132
35 132
38 132
40 132
41 132
46 132
53 132
54 132
55 132
60 132
62 132
63 132
67 132
74 132
75 132
76 132
79 132
80 132
82 132
83 132
90 132
97 132
102 132
106 132
108 132
111 132
118 132
119 132
123 132
124 132
126 132
127 132
128 132
129 132
1 133
2 133
6 133
9 133
10 133
15 133
21 133
23 133
25 133
28 133
29 133
31 133
38 133
39 133
40 133
43 133
45 133
46 133
50 133
51 133
53 133
54 133
55 133
61 133
62 133
63 133
64 133
68 133
73 133
74 133
76 133
78 133
81 133
83 133
88 133
92 133
93 133
95 133
96 133
110 133
113 133
115 133
116 133
117 133
118 133
120 133
122 133
123 133
124 133
125 133
126 133
129 133
130 133
4 134
5 134
11 134
16 134
18 134
22 134
30 134
33 134
34 134
47 134
57 134
58 134
59 134
65 134
66 134
67 134
69 134
75 134
79 134
84 134
87 134
90 134
91 134
97 134
98 134
101 134
102 134
107 134
108 134
111 134
114 134
119 134
127 134
128 134
1 135
6 135
7 135
9 135
15 135
19 135
20 135
21 135
23 135
28 135
29 135
31 135
38 135
39 135
43 135
44 135
45 135
50 135
51 135
52 135
53 135
55 135
61 135
62 135
63 135
64 135
68 135
72 135
73 135
74 135
76 135
78 135
81 135
85 135
88 135
92 135
93 135
95 135
96 135
103 135
104 135
110 135
113 135
115 135
116 135
117 135
120 135
122 135
123 135
125 135
130 135
131 135
133 135
1 136
2 136
6 136
9 136
10 136
13 136
15 136
21 136
23 136
25 136
28 136
29 136
31 136
38 136
39 136
40 136
43 136
45 136
46 136
50 136
51 136
53 136
54 136
55 136
61 136
62 136
63 136
64 136
68 136
73 136
74 136
76 136
78 136
81 136
83 136
88 136
92 136
93 136
95 136
96 136
110 136
113 136
115 136
116 136
117 136
118 136
120 136
122 136
123 136
124 136
125 136
126 136
129 136
130 136
133 136
135 136
1 137
2 137
6 137
9 137
10 137
13 137
15 137
21 137
23 137
25 137
28 137
29 137
31 137
35 137
38 137
39 137
40 137
43 137
45 137
46 137
50 137
51 137
53 137
54 137
55 137
61 137
62 137
63 137
64 137
68 137
73 137
74 137
76 137
80 137
81 137
82 137
83 137
88 137
92 137
95 137
96 137
106 137
110 137
113 137
115 137
116 137
118 137
120 137
122 137
123 137
124 137
125 137
126 137
129 137
130 137
132 137
133 137
135 137
136 137
2 138
6 138
8 138
10 138
12 138
13 138
14 138
15 138
25 138
29 138
31 138
35 138
38 138
40 138
41 138
46 138
53 138
54 138
55 138
60 138
61 138
62 138
63 138
64 138
68 138
74 138
75 138
76 138
79 138
80 138
82 138
83 138
88 138
95 138
102 138
106 138
108 138
111 138
113 138
115 138
118 138
119 138
122 138
123 138
124 138
126 138
127 138
129 138
130 138
132 138
133 138
136 138
137 138
4 139
5 139
11 139
16 139
18 139
22 139
27 139
30 139
33 139
34 139
47 139
48 139
57 139
58 139
59 139
65 139
66 139
67 139
69 139
84 139
87 139
90 139
91 139
97 139
98 139
101 139
107 139
114 139
128 139
134 139
7 140
9 140
19 140
20 140
23 140
24 140
28 140
39 140
43 140
44 140
45 140
50 140
51 140
52 140
56 140
72 140
73 140
77 140
78 140
81 140
85 140
92 140
93 140
96 140
100 140
103 140
104 140
105 140
110 140
112 140
116 140
117 140
125 140
131 140
135 140
7 141
9 141
19 141
20 141
23 141
24 141
28 141
39 141
43 141
44 141
45 141
50 141
51 141
52 141
56 141
72 141
73 141
77 141
78 141
81 141
85 141
92 141
93 141
96 141
100 141
103 141
104 141
105 141
110 141
112 141
116 141
117 141
125 141
131 141
135 141
140 141
1 142
2 142
6 142
9 142
10 142
13 142
15 142
21 142
25 142
28 142
29 142
31 142
35 142
38 142
39 142
40 142
43 142
45 142
46 142
50 142
51 142
53 142
54 142
55 142
61 142
62 142
63 142
64 142
68 142
73 142
74 142
76 142
80 142
82 142
83 142
88 142
92 142
95 142
96 142
106 142
110 142
113 142
115 142
118 142
120 142
122 142
123 142
124 142
125 142
126 142
129 142
130 142
132 142
133 142
135 142
136 142
137 142
138 142
1 143
2 143
6 143
8 143
10 143
12 143
13 143
14 143
15 143
21 143
25 143
29 143
31 143
35 143
38 143
40 143
41 143
46 143
53 143
54 143
55 143
60 143
61 143
62 143
63 143
64 143
68 143
74 143
76 143
80 143
82 143
83 143
88 143
95 143
102 143
106 143
113 143
115 143
118 143
120 143
122 143
123 143
124 143
126 143
127 143
129 143
130 143
132 143
133 143
136 143
137 143
138 143
142 143
4 144
5 144
8 144
11 144
12 144
14 144
16 144
18 144
22 144
30 144
33 144
34 144
35 144
41 144
47 144
57 144
58 144
59 144
60 144
65 144
66 144
67 144
69 144
75 144
79 144
80 144
82 144
84 144
87 144
90 144
97 144
98 144
101 144
102 144
106 144
107 144
108 144
111 144
114 144
119 144
127 144
128 144
132 144
134 144
139 144
2 145
4 145
8 145
10 145
12 145
13 145
14 145
18 145
25 145
31 145
35 145
38 145
40 145
41 145
46 145
47 145
54 145
60 145
62 145
67 145
69 145
75 145
79 145
80 145
82 145
83 145
84 145
90 145
97 145
102 145
106 145
108 145
111 145
118 145
119 145
123 145
124 145
126 145
127 145
128 145
129 145
132 145
138 145
143 145
144 145
0 146
3 146
26 146
32 146
37 146
49 146
89 146
94 146
99 146
7 147
9 147
19 147
20 147
23 147
24 147
28 147
39 147
43 147
44 147
45 147
50 147
51 147
52 147
56 147
72 147
73 147
77 147
78 147
81 147
85 147
92 147
93 147
96 147
100 147
103 147
104 147
105 147
110 147
112 147
116 147
117 147
125 147
131 147
135 147
140 147
141 147
1 148
2 148
6 148
9 148
10 148
13 148
15 148
21 148
23 148
25 148
28 148
29 148
31 148
38 148
39 148
40 148
43 148
45 148
46 148
50 148
51 148
53 148
54 148
55 148
61 148
62 148
63 148
64 148
68 148
73 148
74 148
76 148
78 148
81 148
83 148
88 148
92 148
93 148
95 148
96 148
110 148
113 148
115 148
116 148
117 148
118 148
120 148
122 148
123 148
124 148
125 148
126 148
129 148
130 148
133 148
135 148
136 148
137 148
138 148
142 148
143 148
1 149
6 149
9 149
10 149
15 149
21 149
23 149
25 149
28 149
29 149
31 149
38 149
39 149
40 149
43 149
45 149
50 149
51 149
53 149
55 149
61 149
62 149
63 149
64 149
68 149
73 149
74 149
76 149
78 149
81 149
83 149
88 149
92 149
93 149
95 149
96 149
110 149
113 149
115 149
116 149
117 149
118 149
120 149
122 149
123 149
125 149
126 149
129 149
130 149
133 149
135 149
136 149
137 149
142 149
143 149
148 149
7 150
9 150
19 150
20 150
23 150
24 150
28 150
39 150
44 150
45 150
51 150
52 150
56 150
72 150
73 150
77 150
78 150
81 150
85 150
92 150
93 150
94 150
96 150
100 150
103 150
104 150
105 150
110 150
112 150
116 150
117 150
125 150
131 150
135 150
140 150
141 150
147 150
2 151
4 151
8 151
10 151
12 151
13 151
14 151
18 151
25 151
31 151
35 151
38 151
40 151
41 151
46 151
53 151
54 151
60 151
62 151
67 151
69 151
75 151
79 151
80 151
82 151
83 151
84 151
90 151
97 151
102 151
106 151
108 151
111 151
118 151
119 151
123 151
124 151
126 151
127 151
128 151
129 151
132 151
138 151
142 151
143 151
144 151
145 151
2 152
6 152
8 152
10 152
12 152
13 152
14 152
15 152
25 152
29 152
31 152
35 152
38 152
40 152
41 152
46 152
53 152
54 152
55 152
60 152
61 152
62 152
63 152
64 152
68 152
74 152
75 152
76 152
79 152
80 152
82 152
83 152
88 152
95 152
102 152
106 152
108 152
111 152
113 152
115 152
118 152
119 152
122 152
123 152
124 152
126 152
127 152
129 152
130 152
132 152
133 152
136 152
137 152
138 152
142 152
143 152
145 152
148 152
151 152
2 153
4 153
8 153
10 153
12 153
13 153
14 153
18 153
25 153
35 153
40 153
41 153
46 153
47 153
54 153
58 153
59 153
60 153
67 153
69 153
75 153
79 153
80 153
82 153
83 153
84 153
90 153
97 153
98 153
102 153
106 153
108 153
111 153
118 153
119 153
124 153
126 153
127 153
128 153
129 153
132 153
138 153
143 153
144 153
145 153
151 153
152 153
0 154
3 154
24 154
26 154
37 154
49 154
56 154
94 154
99 154
105 154
146 154
1 155
2 155
6 155
9 155
10 155
15 155
21 155
23 155
25 155
28 155
29 155
31 155
38 155
39 155
40 155
43 155
45 155
46 155
50 155
51 155
53 155
55 155
61 155
62 155
63 155
64 155
68 155
73 155
74 155
76 155
78 155
81 155
83 155
88 155
92 155
93 155
95 155
96 155
110 155
113 155
115 155
116 155
117 155
118 155
120 155
122 155
123 155
124 155
125 155
126 155
129 155
130 155
133 155
135 155
136 155
137 155
138 155
142 155
143 155
148 155
149 155
152 155
3 156
7 156
19 156
20 156
23 156
24 156
26 156
44 156
52 156
56 156
72 156
77 156
78 156
81 156
85 156
93 156
94 156
100 156
103 156
104 156
105 156
112 156
116 156
117 156
131 156
140 156
141 156
147 156
150 156
1 157
6 157
9 157
15 157
19 157
20 157
21 157
23 157
25 157
28 157
29 157
31 157
38 157
39 157
43 157
44 157
45 157
50 157
51 157
53 157
55 157
61 157
62 157
63 157
64 157
68 157
72 157
73 157
74 157
76 157
78 157
81 157
88 157
92 157
93 157
95 157
96 157
103 157
110 157
113 157
115 157
116 157
117 157
118 157
120 157
122 157
123 157
125 157
130 157
131 157
133 157
135 157
136 157
137 157
140 157
141 157
142 157
147 157
148 157
149 157
150 157
155 157
2 158
4 158
8 158
10 158
12 158
13 158
14 158
25 158
29 158
31 158
35 158
38 158
40 158
41 158
46 158
53 158
54 158
55 158
60 158
62 158
63 158
67 158
74 158
75 158
76 158
79 158
80 158
82 158
83 158
90 158
97 158
102 158
106 158
108 158
111 158
118 158
119 158
123 158
124 158
126 158
127 158
128 158
129 158
132 158
137 158
138 158
142 158
143 158
145 158
151 158
152 158
153 158
1 159
6 159
7 159
9 159
15 159
19 159
20 159
21 159
23 159
28 159
29 159
39 159
43 159
44 159
45 159
50 159
51 159
52 159
61 159
64 159
68 159
72 159
73 159
74 159
77 159
78 159
81 159
85 159
88 159
92 159
93 159
95 159
96 159
100 159
103 159
104 159
110 159
112 159
113 159
115 159
116 159
117 159
120 159
122 159
125 159
130 159
131 159
133 159
135 159
136 159
140 159
141 159
147 159
148 159
149 159
150 159
155 159
156 159
157 159
4 160
5 160
8 160
11 160
12 160
14 160
16 160
18 160
22 160
30 160
33 160
34 160
41 160
47 160
57 160
58 160
59 160
60 160
65 160
66 160
67 160
69 160
75 160
79 160
84 160
87 160
90 160
91 160
97 160
98 160
101 160
102 160
107 160
108 160
111 160
114 160
119 160
127 160
128 160
134 160
139 160
144 160
153 160
4 161
5 161
11 161
16 161
18 161
22 161
27 161
30 161
33 161
34 161
47 161
48 161
57 161
58 161
59 161
65 161
66 161
67 161
69 161
84 161
87 161
90 161
91 161
98 161
101 161
107 161
114 161
128 161
134 161
139 161
144 161
160 161
36 162
42 162
86 162
2 163
8 163
10 163
12 163
13 163
14 163
25 163
29 163
31 163
35 163
38 163
40 163
41 163
46 163
53 163
54 163
55 163
60 163
62 163
63 163
67 163
74 163
75 163
76 163
79 163
80 163
82 163
83 163
97 163
102 163
106 163
108 163
111 163
118 163
119 163
123 163
124 163
126 163
127 163
128 163
129 163
132 163
136 163
137 163
138 163
142 163
143 163
145 163
151 163
152 163
153 163
158 163
4 164
5 164
8 164
11 164
12 164
14 164
16 164
18 164
22 164
30 164
33 164
34 164
35 164
41 164
47 164
57 164
58 164
59 164
60 164
65 164
66 164
67 164
69 164
75 164
79 164
80 164
82 164
84 164
87 164
90 164
97 164
98 164
102 164
106 164
107 164
108 164
111 164
114 164
119 164
127 164
128 164
132 164
134 164
139 164
144 164
145 164
151 164
153 164
158 164
160 164
161 164
163 164
1 165
2 165
6 165
10 165
13 165
15 165
21 165
25 165
28 165
29 165
31 165
35 165
38 165
39 165
40 165
43 165
45 165
46 165
50 165
51 165
53 165
54 165
55 165
61 165
62 165
63 165
64 165
68 165
74 165
76 165
80 165
82 165
83 165
88 165
92 165
95 165
96 165
106 165
110 165
113 165
115 165
118 165
120 165
122 165
123 165
124 165
125 165
126 165
129 165
130 165
132 165
133 165
135 165
136 165
137 165
138 165
142 165
143 165
145 165
148 165
149 165
151 165
152 165
155 165
157 165
158 165
163 165
1 166
6 166
9 166
15 166
19 166
20 166
21 166
23 166
25 166
28 166
29 166
31 166
38 166
39 166
43 166
44 166
45 166
50 166
51 166
53 166
55 166
61 166
62 166
63 166
64 166
68 166
72 166
73 166
74 166
76 166
78 166
81 166
88 166
92 166
93 166
95 166
96 166
110 166
113 166
115 166
116 166
117 166
118 166
120 166
122 166
123 166
125 166
130 166
131 166
133 166
135 166
136 166
137 166
140 166
141 166
142 166
147 166
148 166
149 166
155 166
157 166
159 166
165 166
1 167
6 167
9 167
15 167
19 167
20 167
21 167
23 167
25 167
28 167
29 167
31 167
38 167
39 167
43 167
44 167
45 167
50 167
51 167
53 167
55 167
61 167
62 167
63 167
64 167
68 167
72 167
73 167
74 167
76 167
78 167
81 167
88 167
92 167
93 167
95 167
96 167
103 167
110 167
113 167
115 167
116 167
117 167
118 167
120 167
122 167
123 167
125 167
130 167
131 167
133 167
135 167
136 167
137 167
140 167
141 167
142 167
147 167
148 167
149 167
150 167
155 167
157 167
159 167
165 167
166 167
1 168
6 168
7 168
9 168
15 168
19 168
20 168
21 168
23 168
24 168
28 168
39 168
43 168
44 168
45 168
50 168
51 168
52 168
56 168
61 168
64 168
68 168
72 168
73 168
77 168
78 168
81 168
85 168
88 168
92 168
93 168
96 168
100 168
103 168
104 168
110 168
112 168
113 168
115 168
116 168
117 168
120 168
125 168
131 168
133 168
135 168
140 168
141 168
147 168
149 168
150 168
155 168
156 168
157 168
159 168
166 168
167 168
2 169
8 169
10 169
12 169
13 169
14 169
25 169
29 169
31 169
35 169
38 169
40 169
41 169
46 169
53 169
54 169
55 169
60 169
62 169
63 169
67 169
74 169
75 169
76 169
79 169
80 169
82 169
83 169
90 169
97 169
102 169
106 169
108 169
111 169
118 169
119 169
123 169
124 169
126 169
127 169
128 169
129 169
132 169
137 169
138 169
142 169
143 169
145 169
151 169
152 169
153 169
158 169
163 169
164 169
165 169
3 170
7 170
19 170
20 170
24 170
26 170
37 170
44 170
52 170
56 170
72 170
77 170
85 170
94 170
100 170
103 170
104 170
105 170
112 170
131 170
140 170
141 170
147 170
150 170
154 170
156 170
1 171
2 171
6 171
9 171
10 171
13 171
15 171
21 171
23 171
25 171
28 171
29 171
31 171
38 171
39 171
40 171
43 171
45 171
46 171
50 171
51 171
53 171
54 171
55 171
61 171
62 171
63 171
64 171
68 171
73 171
74 171
76 171
78 171
80 171
81 171
83 171
88 171
92 171
95 171
96 171
106 171
110 171
113 171
115 171
116 171
118 171
120 171
122 171
123 171
124 171
125 171
126 171
129 171
130 171
132 171
133 171
135 171
136 171
137 171
138 171
142 171
143 171
148 171
149 171
152 171
155 171
157 171
158 171
159 171
163 171
165 171
166 171
167 171
169 171
2 172
4 172
8 172
10 172
12 172
13 172
14 172
18 172
25 172
35 172
40 172
41 172
46 172
47 172
54 172
58 172
59 172
60 172
67 172
69 172
75 172
79 172
80 172
82 172
83 172
84 172
90 172
97 172
98 172
102 172
106 172
108 172
111 172
119 172
124 172
126 172
127 172
128 172
129 172
132 172
138 172
143 172
144 172
145 172
151 172
152 172
153 172
158 172
160 172
163 172
164 172
169 172
2 173
4 173
8 173
10 173
12 173
13 173
14 173
18 173
25 173
35 173
40 173
41 173
46 173
47 173
54 173
58 173
59 173
60 173
67 173
69 173
75 173
79 173
80 173
82 173
83 173
84 173
90 173
97 173
98 173
102 173
106 173
108 173
111 173
118 173
119 173
124 173
126 173
127 173
128 173
129 173
132 173
138 173
143 173
144 173
145 173
151 173
152 173
153 173
158 173
160 173
163 173
164 173
169 173
172 173
2 174
4 174
8 174
10 174
12 174
13 174
14 174
18 174
25 174
31 174
35 174
38 174
40 174
41 174
46 174
53 174
54 174
55 174
60 174
62 174
63 174
67 174
74 174
75 174
76 174
79 174
80 174
82 174
83 174
84 174
90 174
97 174
102 174
106 174
108 174
111 174
118 174
119 174
123 174
124 174
126 174
127 174
128 174
129 174
132 174
137 174
138 174
142 174
143 174
144 174
145 174
151 174
152 174
153 174
158 174
163 174
164 174
165 174
169 174
172 174
173 174
1 175
6 175
9 175
10 175
15 175
19 175
21 175
23 175
25 175
28 175
29 175
31 175
38 175
39 175
40 175
43 175
44 175
45 175
50 175
51 175
53 175
55 175
61 175
62 175
63 175
64 175
68 175
73 175
74 175
76 175
78 175
81 175
83 175
88 175
92 175
93 175
95 175
96 175
110 175
113 175
115 175
116 175
117 175
118 175
120 175
122 175
123 175
125 175
130 175
133 175
135 175
136 175
137 175
142 175
143 175
148 175
149 175
155 175
157 175
159 175
165 175
166 175
167 175
168 175
171 175
2 176
6 176
8 176
10 176
12 176
13 176
14 176
15 176
25 176
29 176
31 176
35 176
38 176
40 176
41 176
46 176
53 176
54 176
55 176
60 176
61 176
62 176
63 176
64 176
68 176
74 176
75 176
76 176
79 176
80 176
82 176
83 176
88 176
95 176
102 176
106 176
108 176
111 176
115 176
118 176
119 176
122 176
123 176
124 176
126 176
127 176
129 176
130 176
132 176
133 176
136 176
137 176
138 176
142 176
143 176
145 176
148 176
151 176
152 176
153 176
155 176
158 176
163 176
165 176
169 176
171 176
172 176
173 176
174 176
1 177
2 177
6 177
9 177
10 177
13 177
15 177
21 177
25 177
28 177
29 177
31 177
35 177
38 177
39 177
40 177
43 177
45 177
46 177
50 177
51 177
53 177
54 177
55 177
61 177
62 177
63 177
64 177
68 177
73 177
74 177
76 177
80 177
81 177
82 177
83 177
88 177
92 177
95 177
96 177
106 177
110 177
113 177
115 177
118 177
120 177
122 177
123 177
124 177
125 177
126 177
129 177
130 177
132 177
133 177
135 177
136 177
137 177
138 177
142 177
143 177
148 177
149 177
151 177
152 177
155 177
157 177
158 177
163 177
165 177
166 177
167 177
169 177
171 177
174 177
175 177
176 177
3 178
7 178
19 178
20 178
24 178
26 178
37 178
49 178
52 178
56 178
72 178
77 178
85 178
94 178
99 178
100 178
103 178
104 178
105 178
112 178
131 178
140 178
141 178
147 178
150 178
154 178
156 178
170 178
1 179
6 179
9 179
15 179
19 179
20 179
21 179
23 179
25 179
28 179
29 179
31 179
38 179
39 179
40 179
43 179
44 179
45 179
50 179
51 179
53 179
55 179
61 179
62 179
63 179
64 179
68 179
73 179
74 179
76 179
78 179
81 179
83 179
88 179
92 179
93 179
95 179
96 179
110 179
113 179
115 179
116 179
117 179
118 179
120 179
122 179
123 179
125 179
130 179
131 179
133 179
135 179
136 179
137 179
141 179
142 179
143 179
147 179
148 179
149 179
155 179
157 179
159 179
165 179
166 179
167 179
168 179
171 179
175 179
177 179
1 180
7 180
9 180
19 180
20 180
21 180
23 180
24 180
28 180
39 180
43 180
44 180
45 180
50 180
51 180
52 180
56 180
72 180
73 180
77 180
78 180
81 180
85 180
92 180
93 180
96 180
100 180
103 180
104 180
110 180
112 180
116 180
117 180
120 180
125 180
131 180
135 180
140 180
141 180
147 180
150 180
156 180
157 180
159 180
166 180
167 180
168 180
170 180
175 180
179 180
2 181
4 181
8 181
10 181
12 181
13 181
14 181
18 181
25 181
35 181
40 181
41 181
46 181
47 181
54 181
58 181
60 181
62 181
67 181
69 181
75 181
79 181
80 181
82 181
83 181
84 181
90 181
97 181
98 181
102 181
106 181
108 181
111 181
118 181
119 181
124 181
126 181
127 181
128 181
129 181
132 181
138 181
143 181
144 181
145 181
151 181
152 181
153 181
158 181
160 181
163 181
164 181
169 181
172 181
173 181
174 181
176 181
1 182
6 182
9 182
15 182
19 182
20 182
21 182
23 182
25 182
28 182
29 182
31 182
38 182
39 182
43 182
44 182
45 182
50 182
51 182
53 182
55 182
61 182
62 182
63 182
64 182
68 182
72 182
73 182
74 182
76 182
78 182
81 182
88 182
92 182
93 182
95 182
96 182
103 182
110 182
113 182
115 182
116 182
117 182
118 182
120 182
122 182
123 182
125 182
130 182
131 182
133 182
135 182
136 182
137 182
140 182
141 182
142 182
147 182
148 182
149 182
150 182
155 182
157 182
159 182
165 182
166 182
167 182
168 182
171 182
175 182
177 182
179 182
180 182
4 183
5 183
8 183
11 183
12 183
13 183
14 183
16 183
18 183
22 183
30 183
33 183
34 183
35 183
41 183
47 183
54 183
57 183
58 183
59 183
60 183
65 183
66 183
67 183
69 183
75 183
79 183
80 183
82 183
84 183
87 183
90 183
97 183
98 183
102 183
106 183
107 183
108 183
111 183
114 183
119 183
127 183
128 183
132 183
134 183
139 183
144 183
145 183
151 183
153 183
158 183
160 183
163 183
164 183
169 183
172 183
173 183
174 183
181 183
1 184
7 184
9 184
15 184
19 184
20 184
21 184
23 184
24 184
28 184
39 184
43 184
44 184
45 184
50 184
51 184
52 184
56 184
64 184
68 184
72 184
73 184
77 184
78 184
81 184
85 184
92 184
93 184
96 184
100 184
103 184
104 184
110 184
112 184
113 184
115 184
116 184
117 184
120 184
125 184
131 184
135 184
140 184
141 184
147 184
149 184
150 184
155 184
156 184
157 184
159 184
166 184
167 184
168 184
170 184
175 184
179 184
180 184
182 184
1 185
2 185
6 185
8 185
10 185
12 185
13 185
14 185
15 185
21 185
25 185
28 185
29 185
31 185
35 185
38 185
40 185
43 185
46 185
50 185
53 185
54 185
55 185
60 185
61 185
62 185
63 185
64 185
68 185
74 185
76 185
80 185
82 185
83 185
88 185
92 185
95 185
106 185
113 185
115 185
118 185
120 185
122 185
123 185
124 185
126 185
129 185
130 185
132 185
133 185
136 185
137 185
138 185
142 185
143 185
145 185
148 185
149 185
151 185
152 185
153 185
155 185
157 185
158 185
163 185
165 185
166 185
167 185
169 185
171 185
172 185
173 185
174 185
175 185
176 185
177 185
179 185
181 185
182 185
7 186
9 186
19 186
20 186
23 186
24 186
26 186
39 186
44 186
52 186
56 186
72 186
73 186
77 186
78 186
81 186
85 186
93 186
94 186
96 186
100 186
103 186
104 186
105 186
112 186
116 186
117 186
131 186
140 186
141 186
147 186
150 186
156 186
159 186
168 186
170 186
178 186
180 186
184 186
7 187
9 187
19 187
20 187
23 187
24 187
28 187
39 187
44 187
45 187
51 187
52 187
56 187
72 187
73 187
77 187
78 187
81 187
85 187
92 187
93 187
96 187
100 187
103 187
104 187
105 187
110 187
112 187
116 187
117 187
125 187
131 187
135 187
140 187
141 187
147 187
150 187
156 187
157 187
159 187
167 187
168 187
170 187
178 187
180 187
182 187
184 187
186 187
7 188
9 188
19 188
20 188
23 188
24 188
28 188
39 188
44 188
45 188
51 188
52 188
56 188
72 188
73 188
77 188
78 188
81 188
85 188
92 188
93 188
96 188
100 188
103 188
104 188
105 188
110 188
112 188
116 188
117 188
125 188
131 188
135 188
140 188
141 188
147 188
150 188
156 188
157 188
159 188
166 188
167 188
168 188
170 188
178 188
180 188
182 188
184 188
186 188
187 188
3 189
7 189
19 189
20 189
24 189
26 189
44 189
52 189
56 189
72 189
77 189
85 189
94 189
100 189
103 189
104 189
105 189
112 189
131 189
140 189
141 189
147 189
150 189
154 189
156 189
168 189
170 189
178 189
180 189
184 189
186 189
187 189
188 189
1 190
7 190
9 190
15 190
19 190
20 190
21 190
23 190
24 190
28 190
39 190
43 190
44 190
45 190
50 190
51 190
52 190
56 190
72 190
73 190
77 190
78 190
81 190
85 190
92 190
93 190
96 190
100 190
103 190
104 190
110 190
112 190
113 190
115 190
116 190
117 190
120 190
125 190
131 190
135 190
140 190
141 190
147 190
149 190
150 190
156 190
157 190
159 190
166 190
167 190
168 190
170 190
175 190
179 190
180 190
182 190
184 190
186 190
187 190
188 190
189 190
1 191
2 191
6 191
8 191
10 191
12 191
13 191
14 191
15 191
21 191
25 191
29 191
31 191
35 191
38 191
40 191
41 191
43 191
46 191
50 191
53 191
54 191
55 191
60 191
61 191
62 191
63 191
64 191
68 191
74 191
76 191
80 191
82 191
83 191
88 191
95 191
102 191
106 191
113 191
115 191
118 191
120 191
122 191
123 191
124 191
126 191
127 191
129 191
130 191
132 191
133 191
136 191
137 191
138 191
142 191
143 191
145 191
148 191
149 191
151 191
152 191
153 191
155 191
158 191
163 191
165 191
169 191
171 191
172 191
173 191
174 191
175 191
176 191
177 191
179 191
181 191
185 191
2 192
4 192
5 192
8 192
12 192
13 192
14 192
16 192
18 192
22 192
30 192
33 192
34 192
35 192
41 192
47 192
54 192
58 192
59 192
60 192
65 192
66 192
67 192
69 192
75 192
79 192
80 192
82 192
84 192
87 192
90 192
97 192
98 192
102 192
106 192
107 192
108 192
111 192
114 192
119 192
124 192
127 192
128 192
132 192
134 192
139 192
144 192
145 192
151 192
153 192
158 192
160 192
163 192
164 192
169 192
172 192
173 192
174 192
181 192
183 192
1 193
6 193
7 193
9 193
15 193
19 193
20 193
21 193
23 193
28 193
29 193
39 193
43 193
44 193
45 193
50 193
51 193
52 193
53 193
55 193
61 193
63 193
64 193
68 193
72 193
73 193
74 193
76 193
78 193
81 193
85 193
88 193
92 193
93 193
95 193
96 193
103 193
104 193
110 193
113 193
115 193
116 193
117 193
120 193
122 193
123 193
125 193
130 193
131 193
133 193
135 193
136 193
137 193
140 193
141 193
142 193
147 193
148 193
149 193
150 193
155 193
157 193
159 193
166 193
167 193
168 193
171 193
175 193
177 193
179 193
180 193
182 193
184 193
186 193
187 193
188 193
190 193
2 194
4 194
5 194
8 194
12 194
13 194
14 194
16 194
18 194
22 194
30 194
33 194
34 194
35 194
41 194
47 194
54 194
58 194
59 194
60 194
65 194
66 194
67 194
69 194
75 194
79 194
80 194
82 194
84 194
87 194
90 194
97 194
98 194
102 194
106 194
107 194
108 194
111 194
114 194
119 194
124 194
127 194
128 194
132 194
134 194
139 194
144 194
145 194
151 194
153 194
158 194
160 194
163 194
164 194
169 194
172 194
173 194
174 194
181 194
183 194
192 194
1 195
6 195
7 195
9 195
15 195
19 195
20 195
21 195
23 195
24 195
28 195
29 195
39 195
43 195
44 195
45 195
50 195
51 195
52 195
61 195
64 195
68 195
72 195
73 195
77 195
78 195
81 195
85 195
88 195
92 195
93 195
95 195
96 195
100 195
103 195
104 195
110 195
112 195
113 195
115 195
116 195
117 195
120 195
122 195
125 195
130 195
131 195
133 195
135 195
136 195
140 195
141 195
147 195
148 195
149 195
150 195
155 195
156 195
157 195
159 195
166 195
167 195
168 195
171 195
175 195
179 195
180 195
182 195
184 195
186 195
187 195
188 195
190 195
193 195
4 196
5 196
8 196
11 196
12 196
14 196
16 196
18 196
22 196
30 196
33 196
34 196
35 196
41 196
47 196
57 196
58 196
59 196
60 196
65 196
66 196
67 196
69 196
75 196
79 196
82 196
84 196
87 196
90 196
91 196
97 196
98 196
101 196
102 196
107 196
108 196
111 196
114 196
119 196
127 196
128 196
134 196
139 196
144 196
145 196
151 196
153 196
160 196
161 196
164 196
172 196
173 196
181 196
183 196
192 196
194 196
2 197
4 197
8 197
10 197
12 197
13 197
14 197
18 197
25 197
31 197
35 197
38 197
40 197
41 197
46 197
53 197
54 197
55 197
60 197
62 197
63 197
67 197
74 197
75 197
76 197
79 197
80 197
82 197
83 197
84 197
90 197
97 197
102 197
106 197
108 197
111 197
118 197
119 197
123 197
124 197
126 197
127 197
128 197
129 197
132 197
137 197
138 197
142 197
143 197
144 197
145 197
151 197
152 197
153 197
158 197
163 197
164 197
165 197
169 197
172 197
173 197
174 197
176 197
177 197
181 197
183 197
185 197
191 197
192 197
194 197
4 198
5 198
8 198
11 198
12 198
14 198
16 198
18 198
22 198
30 198
33 198
34 198
41 198
47 198
57 198
58 198
59 198
65 198
66 198
67 198
69 198
75 198
79 198
84 198
87 198
90 198
91 198
97 198
98 198
101 198
102 198
107 198
108 198
111 198
114 198
119 198
127 198
128 198
134 198
139 198
144 198
153 198
160 198
161 198
164 198
172 198
173 198
183 198
192 198
194 198
196 198
5 199
11 199
16 199
17 199
22 199
27 199
30 199
33 199
34 199
47 199
48 199
57 199
58 199
59 199
65 199
66 199
69 199
70 199
71 199
87 199
91 199
98 199
101 199
107 199
114 199
121 199
134 199
139 199
160 199
161 199
196 199
198 199