norm 0.0 1.0 200
3 4
0 5
3 6
1 7
3 8
4 8
0 9
2 9
6 10
0 11
5 11
9 11
6 12
10 12
2 13
9 13
0 14
2 14
9 14
13 14
0 15
2 15
9 15
11 15
13 15
14 15
3 16
4 16
8 16
0 17
2 17
9 17
11 17
13 17
14 17
15 17
2 18
4 18
8 18
16 18
3 19
4 19
8 19
16 19
18 19
3 20
6 20
10 20
12 20
6 21
10 21
12 21
20 21
2 22
9 22
13 22
14 22
15 22
17 22
3 23
4 23
6 23
8 23
16 23
19 23
20 23
2 24
9 24
13 24
14 24
15 24
17 24
18 24
22 24
2 25
4 25
8 25
16 25
18 25
19 25
24 25
2 26
4 26
8 26
16 26
18 26
19 26
24 26
25 26
6 27
10 27
12 27
20 27
21 27
3 28
6 28
10 28
12 28
20 28
21 28
23 28
27 28
2 29
9 29
13 29
14 29
15 29
17 29
22 29
24 29
25 29
26 29
1 30
7 30
6 31
10 31
12 31
20 31
21 31
27 31
28 31
0 32
9 32
11 32
13 32
14 32
15 32
17 32
22 32
29 32
6 33
10 33
12 33
20 33
21 33
27 33
28 33
31 33
2 34
4 34
8 34
13 34
14 34
16 34
18 34
19 34
22 34
24 34
25 34
26 34
29 34
0 35
5 35
9 35
11 35
14 35
15 35
17 35
32 35
3 36
4 36
8 36
16 36
18 36
19 36
20 36
23 36
3 37
4 37
8 37
16 37
18 37
19 37
20 37
23 37
25 37
26 37
36 37
3 38
4 38
8 38
16 38
18 38
19 38
23 38
25 38
26 38
34 38
36 38
37 38
2 39
4 39
8 39
13 39
14 39
16 39
18 39
19 39
22 39
24 39
25 39
26 39
29 39
34 39
38 39
3 40
4 40
8 40
16 40
18 40
19 40
23 40
25 40
26 40
34 40
36 40
37 40
38 40
39 40
2 41
9 41
13 41
14 41
15 41
17 41
22 41
24 41
25 41
26 41
29 41
32 41
34 41
39 41
1 42
6 42
7 42
10 42
12 42
21 42
27 42
28 42
31 42
33 42
0 43
2 43
9 43
11 43
13 43
14 43
15 43
17 43
22 43
24 43
29 43
32 43
35 43
41 43
6 44
10 44
12 44
20 44
21 44
23 44
27 44
28 44
31 44
33 44
42 44
3 45
4 45
6 45
8 45
16 45
19 45
20 45
23 45
28 45
36 45
37 45
38 45
40 45
44 45
1 46
7 46
30 46
2 47
9 47
13 47
14 47
15 47
17 47
22 47
24 47
29 47
32 47
34 47
39 47
41 47
43 47
3 48
6 48
10 48
12 48
20 48
21 48
23 48
27 48
28 48
31 48
33 48
36 48
37 48
44 48
45 48
2 49
4 49
8 49
13 49
16 49
18 49
19 49
22 49
24 49
25 49
26 49
29 49
34 49
37 49
38 49
39 49
40 49
41 49
3 50
6 50
10 50
12 50
20 50
21 50
23 50
27 50
28 50
31 50
33 50
36 50
37 50
44 50
45 50
48 50
2 51
9 51
13 51
14 51
15 51
17 51
22 51
24 51
29 51
32 51
34 51
35 51
39 51
41 51
43 51
47 51
3 52
6 52
10 52
12 52
20 52
21 52
23 52
27 52
28 52
31 52
33 52
42 52
44 52
45 52
48 52
50 52
3 53
4 53
8 53
16 53
18 53
19 53
23 53
25 53
26 53
36 53
37 53
38 53
40 53
45 53
49 53
50 53
3 54
6 54
10 54
12 54
20 54
21 54
23 54
27 54
28 54
31 54
33 54
36 54
37 54
44 54
45 54
48 54
50 54
52 54
53 54
2 55
4 55
8 55
16 55
18 55
19 55
24 55
25 55
26 55
34 55
36 55
37 55
38 55
39 55
40 55
49 55
53 55
2 56
9 56
13 56
14 56
15 56
17 56
18 56
22 56
24 56
25 56
26 56
29 56
34 56
39 56
41 56
43 56
47 56
49 56
51 56
55 56
2 57
4 57
8 57
13 57
14 57
16 57
18 57
19 57
22 57
24 57
25 57
26 57
29 57
34 57
38 57
39 57
40 57
41 57
47 57
49 57
51 57
55 57
56 57
0 58
2 58
9 58
11 58
13 58
14 58
15 58
17 58
22 58
24 58
29 58
32 58
35 58
41 58
43 58
47 58
51 58
56 58
3 59
4 59
8 59
16 59
18 59
19 59
20 59
23 59
36 59
37 59
38 59
40 59
45 59
48 59
50 59
53 59
54 59
6 60
10 60
12 60
20 60
21 60
27 60
28 60
31 60
33 60
42 60
44 60
48 60
50 60
52 60
54 60
2 61
4 61
8 61
13 61
14 61
16 61
18 61
19 61
22 61
24 61
25 61
26 61
29 61
34 61
38 61
39 61
40 61
41 61
47 61
49 61
51 61
55 61
56 61
57 61
0 62
5 62
11 62
15 62
17 62
32 62
35 62
43 62
3 63
6 63
8 63
19 63
20 63
23 63
28 63
33 63
36 63
37 63
38 63
40 63
44 63
45 63
48 63
50 63
52 63
53 63
54 63
59 63
3 64
6 64
10 64
12 64
20 64
21 64
23 64
27 64
28 64
31 64
33 64
36 64
37 64
44 64
45 64
48 64
50 64
52 64
53 64
54 64
59 64
60 64
63 64
3 65
4 65
8 65
16 65
18 65
19 65
20 65
23 65
25 65
26 65
36 65
37 65
38 65
40 65
45 65
48 65
50 65
53 65
54 65
55 65
59 65
63 65
64 65
2 66
4 66
8 66
13 66
14 66
16 66
18 66
19 66
22 66
24 66
25 66
26 66
29 66
34 66
38 66
39 66
40 66
41 66
47 66
49 66
51 66
55 66
56 66
57 66
61 66
2 67
4 67
8 67
16 67
18 67
19 67
25 67
26 67
34 67
36 67
37 67
38 67
39 67
40 67
49 67
53 67
55 67
57 67
59 67
61 67
65 67
66 67
2 68
9 68
13 68
14 68
15 68
18 68
22 68
24 68
25 68
26 68
29 68
34 68
39 68
41 68
43 68
47 68
49 68
51 68
55 68
56 68
57 68
58 68
61 68
66 68
67 68
3 69
4 69
8 69
16 69
18 69
19 69
20 69
23 69
25 69
26 69
36 69
37 69
38 69
40 69
45 69
48 69
50 69
53 69
54 69
55 69
59 69
63 69
64 69
65 69
67 69
3 70
4 70
8 70
16 70
18 70
19 70
23 70
25 70
26 70
34 70
36 70
37 70
38 70
39 70
40 70
45 70
49 70
53 70
55 70
57 70
59 70
61 70
65 70
66 70
67 70
69 70
3 71
4 71
8 71
16 71
18 71
19 71
23 71
25 71
26 71
34 71
36 71
37 71
38 71
39 71
40 71
45 71
49 71
53 71
55 71
57 71
59 71
61 71
65 71
66 71
67 71
69 71
70 71
2 72
4 72
8 72
9 72
13 72
14 72
16 72
18 72
22 72
24 72
25 72
26 72
29 72
34 72
39 72
40 72
41 72
43 72
47 72
49 72
51 72
55 72
56 72
57 72
58 72
61 72
66 72
67 72
68 72
70 72
71 72
2 73
4 73
8 73
9 73
13 73
14 73
16 73
18 73
19 73
22 73
24 73
25 73
26 73
29 73
34 73
38 73
39 73
40 73
41 73
47 73
49 73
51 73
55 73
56 73
57 73
58 73
61 73
66 73
67 73
68 73
70 73
71 73
72 73
3 74
4 74
8 74
16 74
18 74
19 74
20 74
23 74
25 74
26 74
36 74
37 74
38 74
40 74
45 74
48 74
49 74
50 74
53 74
54 74
55 74
59 74
63 74
64 74
65 74
67 74
69 74
70 74
71 74
3 75
4 75
8 75
16 75
18 75
19 75
23 75
25 75
26 75
36 75
37 75
38 75
40 75
45 75
49 75
50 75
53 75
54 75
55 75
59 75
63 75
65 75
67 75
69 75
70 75
71 75
74 75
2 76
3 76
4 76
8 76
16 76
18 76
19 76
23 76
25 76
26 76
34 76
36 76
37 76
38 76
39 76
40 76
49 76
53 76
55 76
57 76
59 76
61 76
65 76
66 76
67 76
68 76
69 76
70 76
71 76
72 76
73 76
74 76
75 76
3 77
6 77
10 77
12 77
20 77
21 77
23 77
27 77
28 77
31 77
33 77
36 77
37 77
44 77
45 77
48 77
50 77
52 77
53 77
54 77
59 77
60 77
63 77
64 77
65 77
69 77
74 77
5 78
0 79
5 79
11 79
17 79
32 79
35 79
62 79
2 80
9 80
13 80
14 80
15 80
17 80
22 80
24 80
29 80
32 80
34 80
35 80
39 80
41 80
43 80
47 80
51 80
56 80
57 80
58 80
61 80
66 80
68 80
72 80
73 80
2 81
4 81
8 81
13 81
16 81
18 81
19 81
22 81
24 81
25 81
26 81
29 81
34 81
38 81
39 81
40 81
41 81
47 81
49 81
51 81
55 81
56 81
57 81
61 81
66 81
67 81
68 81
70 81
71 81
72 81
73 81
76 81
80 81
3 82
4 82
8 82
16 82
18 82
19 82
23 82
25 82
26 82
34 82
36 82
37 82
38 82
39 82
40 82
45 82
49 82
53 82
55 82
57 82
59 82
61 82
63 82
65 82
66 82
67 82
69 82
70 82
71 82
72 82
73 82
74 82
75 82
76 82
81 82
0 83
2 83
9 83
11 83
13 83
14 83
15 83
17 83
22 83
24 83
29 83
32 83
35 83
39 83
41 83
43 83
47 83
51 83
56 83
57 83
58 83
68 83
72 83
73 83
80 83
3 84
4 84
8 84
16 84
18 84
19 84
23 84
25 84
26 84
34 84
36 84
37 84
38 84
39 84
40 84
45 84
49 84
53 84
55 84
57 84
59 84
61 84
63 84
65 84
66 84
67 84
69 84
70 84
71 84
74 84
75 84
76 84
81 84
82 84
3 85
6 85
8 85
19 85
20 85
23 85
28 85
33 85
36 85
37 85
38 85
40 85
44 85
45 85
48 85
50 85
52 85
53 85
54 85
59 85
63 85
64 85
65 85
69 85
74 85
75 85
77 85
84 85
3 86
6 86
10 86
12 86
20 86
21 86
23 86
27 86
28 86
31 86
33 86
42 86
44 86
45 86
48 86
50 86
52 86
54 86
60 86
63 86
64 86
77 86
85 86
2 87
4 87
8 87
13 87
16 87
18 87
19 87
22 87
24 87
25 87
26 87
29 87
34 87
37 87
38 87
39 87
40 87
41 87
49 87
53 87
55 87
56 87
57 87
61 87
66 87
67 87
68 87
70 87
71 87
72 87
73 87
74 87
75 87
76 87
81 87
82 87
84 87
3 88
6 88
10 88
12 88
20 88
21 88
23 88
27 88
28 88
31 88
33 88
36 88
37 88
44 88
45 88
48 88
50 88
52 88
53 88
54 88
59 88
60 88
63 88
64 88
65 88
69 88
74 88
75 88
77 88
85 88
86 88
3 89
6 89
10 89
12 89
20 89
21 89
23 89
27 89
28 89
31 89
33 89
36 89
44 89
45 89
48 89
50 89
52 89
54 89
59 89
60 89
63 89
64 89
77 89
85 89
86 89
88 89
0 90
5 90
11 90
32 90
35 90
62 90
78 90
79 90
3 91
6 91
8 91
19 91
20 91
23 91
28 91
33 91
36 91
37 91
38 91
40 91
44 91
45 91
48 91
50 91
52 91
53 91
54 91
59 91
63 91
64 91
65 91
69 91
74 91
75 91
77 91
84 91
85 91
86 91
88 91
89 91
2 92
4 92
8 92
13 92
16 92
18 92
19 92
22 92
24 92
25 92
26 92
29 92
34 92
38 92
39 92
40 92
41 92
47 92
49 92
51 92
55 92
56 92
57 92
61 92
66 92
67 92
68 92
70 92
71 92
72 92
73 92
76 92
80 92
81 92
82 92
84 92
87 92
3 93
6 93
10 93
12 93
20 93
21 93
23 93
27 93
28 93
31 93
33 93
36 93
37 93
44 93
45 93
48 93
50 93
52 93
54 93
59 93
60 93
63 93
64 93
65 93
69 93
74 93
77 93
85 93
86 93
88 93
89 93
91 93
3 94
4 94
8 94
16 94
18 94
19 94
20 94
23 94
36 94
37 94
38 94
40 94
45 94
48 94
50 94
53 94
54 94
55 94
59 94
63 94
64 94
65 94
67 94
69 94
70 94
71 94
74 94
75 94
76 94
77 94
82 94
84 94
85 94
88 94
89 94
91 94
93 94
2 95
4 95
8 95
13 95
14 95
16 95
18 95
19 95
22 95
24 95
25 95
26 95
29 95
34 95
38 95
39 95
40 95
41 95
47 95
49 95
51 95
55 95
56 95
57 95
61 95
66 95
67 95
68 95
70 95
71 95
72 95
73 95
76 95
80 95
81 95
82 95
84 95
87 95
92 95
2 96
4 96
8 96
9 96
13 96
14 96
15 96
16 96
18 96
22 96
24 96
25 96
26 96
29 96
34 96
39 96
41 96
43 96
47 96
49 96
51 96
55 96
56 96
57 96
58 96
61 96
66 96
67 96
68 96
70 96
71 96
72 96
73 96
76 96
80 96
81 96
82 96
83 96
87 96
92 96
95 96
3 97
4 97
8 97
16 97
19 97
20 97
23 97
36 97
37 97
38 97
40 97
45 97
48 97
50 97
53 97
54 97
59 97
63 97
64 97
65 97
67 97
69 97
70 97
71 97
74 97
75 97
76 97
77 97
82 97
84 97
85 97
88 97
89 97
91 97
93 97
94 97
0 98
2 98
9 98
11 98
13 98
14 98
15 98
17 98
22 98
24 98
29 98
32 98
35 98
41 98
43 98
47 98
51 98
56 98
58 98
62 98
68 98
72 98
80 98
83 98
96 98
3 99
4 99
8 99
16 99
18 99
19 99
23 99
25 99
26 99
34 99
36 99
37 99
38 99
39 99
40 99
45 99
49 99
53 99
55 99
57 99
59 99
61 99
63 99
65 99
66 99
67 99
69 99
70 99
71 99
72 99
73 99
74 99
75 99
76 99
81 99
82 99
84 99
87 99
92 99
94 99
95 99
96 99
97 99
0 100
5 100
11 100
32 100
35 100
62 100
79 100
90 100
2 101
4 101
8 101
9 101
13 101
14 101
16 101
18 101
22 101
24 101
25 101
26 101
29 101
34 101
39 101
40 101
41 101
43 101
47 101
49 101
51 101
55 101
56 101
57 101
58 101
61 101
66 101
67 101
68 101
70 101
71 101
72 101
73 101
76 101
80 101
81 101
82 101
83 101
87 101
92 101
95 101
96 101
99 101
3 102
6 102
10 102
20 102
21 102
23 102
27 102
28 102
31 102
33 102
36 102
37 102
44 102
45 102
48 102
50 102
52 102
53 102
54 102
59 102
60 102
63 102
64 102
65 102
69 102
74 102
75 102
77 102
85 102
86 102
88 102
89 102
91 102
93 102
94 102
97 102
3 103
4 103
8 103
16 103
18 103
19 103
20 103
23 103
36 103
37 103
38 103
40 103
45 103
48 103
50 103
53 103
54 103
55 103
59 103
63 103
64 103
65 103
67 103
69 103
70 103
71 103
74 103
75 103
76 103
77 103
82 103
84 103
85 103
88 103
89 103
91 103
93 103
94 103
97 103
99 103
102 103
3 104
4 104
8 104
16 104
19 104
20 104
23 104
36 104
37 104
38 104
40 104
45 104
48 104
50 104
53 104
54 104
59 104
63 104
64 104
65 104
67 104
69 104
70 104
71 104
74 104
75 104
76 104
77 104
82 104
84 104
85 104
88 104
89 104
91 104
93 104
94 104
97 104
99 104
102 104
103 104
0 105
2 105
9 105
11 105
13 105
14 105
15 105
17 105
22 105
24 105
29 105
32 105
35 105
41 105
43 105
47 105
51 105
56 105
58 105
62 105
68 105
80 105
83 105
98 105
3 106
4 106
8 106
16 106
18 106
19 106
23 106
25 106
26 106
34 106
36 106
37 106
38 106
39 106
40 106
45 106
49 106
53 106
55 106
57 106
59 106
61 106
63 106
65 106
66 106
67 106
69 106
70 106
71 106
74 106
75 106
76 106
81 106
82 106
84 106
85 106
87 106
91 106
92 106
94 106
95 106
97 106
99 106
103 106
104 106
3 107
4 107
8 107
16 107
18 107
19 107
23 107
25 107
26 107
34 107
36 107
37 107
38 107
40 107
45 107
49 107
53 107
55 107
59 107
63 107
65 107
67 107
69 107
70 107
71 107
74 107
75 107
76 107
81 107
82 107
84 107
85 107
87 107
91 107
92 107
94 107
95 107
97 107
99 107
103 107
104 107
106 107
2 108
4 108
9 108
13 108
14 108
15 108
18 108
22 108
24 108
25 108
26 108
29 108
34 108
39 108
41 108
43 108
47 108
49 108
51 108
55 108
56 108
57 108
58 108
61 108
66 108
67 108
68 108
71 108
72 108
73 108
76 108
80 108
81 108
83 108
87 108
92 108
95 108
96 108
98 108
101 108
105 108
2 109
4 109
8 109
16 109
18 109
19 109
24 109
25 109
26 109
34 109
36 109
37 109
38 109
39 109
40 109
49 109
53 109
55 109
56 109
57 109
61 109
65 109
66 109
67 109
68 109
69 109
70 109
71 109
72 109
73 109
74 109
75 109
76 109
81 109
82 109
84 109
87 109
92 109
94 109
95 109
96 109
99 109
101 109
103 109
106 109
107 109
108 109
6 110
10 110
12 110
20 110
21 110
27 110
28 110
31 110
33 110
42 110
44 110
48 110
50 110
52 110
54 110
60 110
63 110
64 110
77 110
85 110
86 110
88 110
89 110
91 110
93 110
102 110
3 111
6 111
10 111
12 111
20 111
21 111
23 111
27 111
28 111
31 111
33 111
42 111
44 111
45 111
48 111
50 111
52 111
54 111
60 111
63 111
64 111
77 111
85 111
86 111
88 111
89 111
91 111
93 111
102 111
110 111
3 112
4 112
8 112
16 112
18 112
19 112
23 112
25 112
26 112
36 112
37 112
38 112
40 112
45 112
49 112
50 112
53 112
54 112
55 112
59 112
63 112
65 112
67 112
69 112
70 112
71 112
74 112
75 112
76 112
82 112
84 112
85 112
87 112
91 112
94 112
97 112
99 112
102 112
103 112
104 112
106 112
107 112
109 112
2 113
4 113
9 113
13 113
14 113
15 113
16 113
18 113
22 113
24 113
25 113
26 113
29 113
34 113
39 113
41 113
43 113
47 113
49 113
51 113
55 113
56 113
57 113
58 113
61 113
66 113
67 113
68 113
70 113
71 113
72 113
73 113
76 113
80 113
81 113
83 113
87 113
92 113
95 113
96 113
98 113
101 113
105 113
108 113
109 113
2 114
4 114
8 114
9 114
13 114
14 114
15 114
16 114
18 114
22 114
24 114
25 114
26 114
29 114
34 114
39 114
41 114
43 114
47 114
49 114
51 114
55 114
56 114
57 114
58 114
61 114
66 114
67 114
68 114
70 114
71 114
72 114
73 114
76 114
80 114
81 114
82 114
83 114
87 114
92 114
95 114
96 114
98 114
99 114
101 114
105 114
108 114
109 114
113 114
2 115
9 115
13 115
14 115
15 115
17 115
18 115
22 115
24 115
25 115
26 115
29 115
34 115
39 115
41 115
43 115
47 115
49 115
51 115
55 115
56 115
57 115
58 115
61 115
66 115
68 115
72 115
73 115
80 115
81 115
83 115
87 115
92 115
95 115
96 115
98 115
101 115
105 115
108 115
109 115
113 115
114 115
2 116
3 116
4 116
8 116
16 116
18 116
19 116
25 116
26 116
34 116
36 116
37 116
38 116
39 116
40 116
49 116
53 116
55 116
57 116
59 116
61 116
65 116
66 116
67 116
68 116
69 116
70 116
71 116
72 116
73 116
74 116
75 116
76 116
81 116
82 116
84 116
87 116
92 116
94 116
95 116
96 116
97 116
99 116
101 116
103 116
104 116
106 116
107 116
108 116
109 116
112 116
113 116
114 116
0 117
5 117
11 117
35 117
62 117
78 117
79 117
90 117
100 117
1 118
7 118
10 118
12 118
27 118
30 118
31 118
42 118
3 119
6 119
10 119
12 119
20 119
21 119
23 119
27 119
28 119
31 119
33 119
44 119
45 119
48 119
50 119
52 119
54 119
59 119
60 119
63 119
64 119
77 119
85 119
86 119
88 119
89 119
91 119
93 119
97 119
102 119
104 119
110 119
111 119
3 120
6 120
10 120
12 120
20 120
21 120
23 120
27 120
28 120
31 120
33 120
36 120
37 120
44 120
45 120
48 120
50 120
52 120
54 120
59 120
60 120
63 120
64 120
65 120
69 120
74 120
77 120
85 120
86 120
88 120
89 120
91 120
93 120
94 120
97 120
102 120
103 120
104 120
110 120
111 120
119 120
6 121
10 121
12 121
20 121
21 121
27 121
28 121
31 121
33 121
42 121
44 121
48 121
50 121
52 121
54 121
60 121
63 121
64 121
77 121
85 121
86 121
88 121
89 121
91 121
93 121
102 121
110 121
111 121
119 121
120 121
2 122
4 122
8 122
9 122
13 122
14 122
16 122
18 122
22 122
24 122
25 122
26 122
29 122
34 122
39 122
40 122
41 122
43 122
47 122
49 122
51 122
55 122
56 122
57 122
58 122
61 122
66 122
67 122
68 122
70 122
71 122
72 122
73 122
76 122
80 122
81 122
82 122
83 122
87 122
92 122
95 122
96 122
99 122
101 122
108 122
109 122
113 122
114 122
115 122
116 122
0 123
5 123
9 123
11 123
15 123
17 123
32 123
35 123
43 123
58 123
62 123
79 123
83 123
90 123
98 123
100 123
105 123
117 123
3 124
6 124
10 124
12 124
20 124
21 124
23 124
27 124
28 124
31 124
33 124
36 124
37 124
44 124
45 124
48 124
50 124
52 124
53 124
54 124
59 124
60 124
63 124
64 124
65 124
69 124
74 124
77 124
85 124
86 124
88 124
89 124
91 124
93 124
94 124
97 124
102 124
103 124
104 124
110 124
111 124
119 124
120 124
121 124
0 125
9 125
11 125
14 125
15 125
17 125
32 125
35 125
43 125
51 125
58 125
62 125
79 125
80 125
83 125
90 125
98 125
100 125
105 125
123 125
2 126
4 126
8 126
16 126
18 126
19 126
24 126
25 126
26 126
34 126
36 126
37 126
38 126
39 126
40 126
49 126
53 126
55 126
56 126
57 126
61 126
65 126
66 126
67 126
68 126
69 126
70 126
71 126
72 126
73 126
74 126
75 126
76 126
81 126
82 126
84 126
87 126
92 126
94 126
95 126
96 126
99 126
101 126
103 126
106 126
107 126
108 126
109 126
112 126
113 126
114 126
115 126
116 126
122 126
3 127
6 127
10 127
12 127
20 127
21 127
23 127
27 127
28 127
31 127
33 127
36 127
37 127
44 127
45 127
48 127
50 127
52 127
53 127
54 127
59 127
60 127
63 127
64 127
65 127
69 127
74 127
75 127
77 127
85 127
86 127
88 127
89 127
91 127
93 127
94 127
97 127
102 127
103 127
104 127
110 127
111 127
119 127
120 127
121 127
124 127
6 128
10 128
12 128
20 128
21 128
23 128
27 128
28 128
31 128
33 128
42 128
44 128
45 128
48 128
50 128
52 128
54 128
60 128
63 128
64 128
77 128
85 128
86 128
88 128
89 128
91 128
93 128
102 128
110 128
111 128
119 128
120 128
121 128
124 128
127 128
0 129
9 129
11 129
13 129
14 129
15 129
17 129
22 129
29 129
32 129
35 129
43 129
47 129
51 129
58 129
62 129
79 129
80 129
83 129
90 129
98 129
100 129
105 129
123 129
125 129
3 130
6 130
10 130
12 130
20 130
21 130
23 130
27 130
28 130
31 130
33 130
36 130
37 130
44 130
45 130
48 130
50 130
52 130
53 130
54 130
59 130
60 130
63 130
64 130
65 130
69 130
74 130
75 130
77 130
85 130
86 130
88 130
89 130
91 130
93 130
94 130
97 130
102 130
103 130
104 130
110 130
111 130
112 130
119 130
120 130
121 130
124 130
127 130
128 130
2 131
4 131
8 131
13 131
14 131
16 131
18 131
19 131
22 131
24 131
25 131
26 131
29 131
34 131
38 131
39 131
40 131
41 131
47 131
49 131
51 131
55 131
56 131
57 131
61 131
66 131
67 131
68 131
70 131
71 131
72 131
73 131
76 131
80 131
81 131
82 131
83 131
87 131
92 131
95 131
96 131
99 131
101 131
108 131
109 131
113 131
114 131
115 131
116 131
122 131
126 131
1 132
6 132
7 132
10 132
12 132
21 132
27 132
28 132
31 132
33 132
42 132
44 132
52 132
60 132
86 132
110 132
111 132
118 132
121 132
128 132
2 133
9 133
13 133
14 133
15 133
17 133
22 133
24 133
25 133
26 133
29 133
32 133
34 133
39 133
41 133
43 133
47 133
49 133
51 133
55 133
56 133
57 133
58 133
61 133
66 133
68 133
72 133
73 133
80 133
81 133
83 133
87 133
92 133
95 133
96 133
98 133
101 133
105 133
108 133
109 133
113 133
114 133
115 133
122 133
126 133
131 133
3 134
4 134
8 134
16 134
18 134
19 134
23 134
25 134
26 134
34 134
36 134
37 134
38 134
39 134
40 134
45 134
49 134
53 134
55 134
57 134
59 134
61 134
63 134
65 134
66 134
67 134
69 134
70 134
71 134
73 134
74 134
75 134
76 134
81 134
82 134
84 134
85 134
87 134
91 134
92 134
94 134
95 134
97 134
99 134
101 134
103 134
104 134
106 134
107 134
109 134
112 134
116 134
126 134
131 134
0 135
5 135
9 135
11 135
14 135
15 135
17 135
32 135
35 135
43 135
58 135
62 135
79 135
83 135
90 135
98 135
100 135
105 135
117 135
123 135
125 135
129 135
2 136
4 136
8 136
9 136
13 136
14 136
16 136
18 136
19 136
22 136
24 136
25 136
26 136
29 136
34 136
38 136
39 136
40 136
41 136
47 136
49 136
51 136
55 136
56 136
57 136
58 136
61 136
66 136
67 136
68 136
70 136
71 136
72 136
73 136
76 136
80 136
81 136
82 136
83 136
87 136
92 136
95 136
96 136
99 136
101 136
108 136
109 136
113 136
114 136
115 136
116 136
122 136
126 136
131 136
133 136
134 136
2 138
4 138
8 138
9 138
13 138
14 138
16 138
18 138
22 138
24 138
25 138
26 138
29 138
34 138
39 138
40 138
41 138
43 138
47 138
49 138
51 138
55 138
56 138
57 138
58 138
61 138
66 138
67 138
68 138
70 138
71 138
72 138
73 138
76 138
80 138
81 138
82 138
83 138
87 138
92 138
95 138
96 138
99 138
101 138
108 138
109 138
113 138
114 138
115 138
116 138
122 138
126 138
131 138
133 138
136 138
2 139
4 139
8 139
16 139
18 139
19 139
24 139
25 139
26 139
34 139
37 139
38 139
39 139
40 139
41 139
49 139
53 139
55 139
56 139
57 139
61 139
65 139
66 139
67 139
68 139
69 139
70 139
71 139
72 139
73 139
74 139
75 139
76 139
81 139
82 139
84 139
87 139
92 139
95 139
96 139
99 139
101 139
103 139
106 139
107 139
108 139
109 139
112 139
113 139
114 139
115 139
116 139
122 139
126 139
131 139
133 139
134 139
136 139
138 139
3 140
6 140
10 140
12 140
20 140
21 140
23 140
27 140
28 140
31 140
33 140
42 140
44 140
45 140
48 140
50 140
52 140
54 140
60 140
63 140
64 140
77 140
85 140
86 140
88 140
89 140
91 140
93 140
102 140
110 140
111 140
119 140
120 140
121 140
124 140
127 140
128 140
130 140
132 140
2 141
4 141
8 141
13 141
16 141
18 141
19 141
22 141
24 141
25 141
26 141
29 141
34 141
38 141
39 141
40 141
41 141
47 141
49 141
51 141
55 141
56 141
57 141
61 141
66 141
67 141
68 141
70 141
71 141
72 141
73 141
75 141
76 141
80 141
81 141
82 141
84 141
87 141
92 141
95 141
96 141
99 141
101 141
106 141
107 141
108 141
109 141
112 141
113 141
114 141
115 141
116 141
122 141
126 141
131 141
133 141
134 141
136 141
138 141
139 141
3 142
4 142
8 142
16 142
18 142
19 142
23 142
25 142
26 142
34 142
36 142
37 142
38 142
39 142
40 142
45 142
49 142
53 142
55 142
57 142
59 142
61 142
65 142
66 142
67 142
69 142
70 142
71 142
72 142
73 142
74 142
75 142
76 142
81 142
82 142
84 142
87 142
92 142
94 142
95 142
96 142
97 142
99 142
101 142
103 142
104 142
106 142
107 142
109 142
112 142
113 142
114 142
116 142
122 142
126 142
131 142
134 142
136 142
138 142
139 142
141 142
0 143
2 143
9 143
11 143
13 143
14 143
15 143
17 143
22 143
24 143
29 143
32 143
35 143
41 143
43 143
47 143
51 143
56 143
58 143
62 143
68 143
80 143
83 143
98 143
105 143
108 143
115 143
123 143
125 143
129 143
133 143
135 143
3 144
4 144
8 144
16 144
18 144
19 144
20 144
23 144
36 144
37 144
38 144
40 144
45 144
48 144
50 144
53 144
54 144
59 144
63 144
64 144
65 144
67 144
69 144
70 144
71 144
74 144
75 144
76 144
77 144
82 144
84 144
85 144
88 144
89 144
91 144
93 144
94 144
97 144
99 144
102 144
103 144
104 144
106 144
107 144
112 144
116 144
119 144
120 144
124 144
127 144
130 144
134 144
142 144
3 145
4 145
8 145
16 145
19 145
20 145
23 145
36 145
37 145
38 145
40 145
45 145
48 145
50 145
53 145
54 145
59 145
63 145
64 145
65 145
67 145
69 145
70 145
71 145
74 145
75 145
76 145
77 145
82 145
84 145
85 145
88 145
89 145
91 145
93 145
94 145
97 145
99 145
102 145
103 145
104 145
106 145
107 145
112 145
116 145
119 145
120 145
124 145
127 145
130 145
134 145
142 145
144 145
3 146
4 146
8 146
16 146
18 146
19 146
23 146
25 146
26 146
34 146
36 146
37 146
38 146
39 146
40 146
45 146
49 146
53 146
55 146
57 146
59 146
61 146
63 146
65 146
66 146
67 146
69 146
70 146
71 146
72 146
73 146
74 146
75 146
76 146
81 146
82 146
84 146
85 146
87 146
91 146
92 146
94 146
95 146
97 146
99 146
101 146
103 146
104 146
106 146
107 146
109 146
112 146
116 146
122 146
126 146
131 146
134 146
136 146
138 146
139 146
141 146
142 146
144 146
145 146
3 147
4 147
8 147
16 147
18 147
19 147
23 147
25 147
26 147
34 147
36 147
37 147
38 147
39 147
40 147
45 147
49 147
53 147
55 147
57 147
59 147
61 147
63 147
65 147
66 147
67 147
69 147
70 147
71 147
73 147
74 147
75 147
76 147
81 147
82 147
84 147
85 147
87 147
91 147
92 147
94 147
95 147
97 147
99 147
103 147
104 147
106 147
107 147
109 147
112 147
116 147
126 147
131 147
134 147
136 147
139 147
141 147
142 147
144 147
145 147
146 147
3 148
4 148
8 148
16 148
18 148
19 148
23 148
25 148
26 148
34 148
36 148
37 148
38 148
39 148
40 148
49 148
53 148
55 148
57 148
59 148
61 148
65 148
66 148
67 148
68 148
69 148
70 148
71 148
72 148
73 148
74 148
75 148
76 148
81 148
82 148
84 148
87 148
92 148
94 148
95 148
96 148
97 148
99 148
101 148
103 148
104 148
106 148
107 148
108 148
109 148
112 148
113 148
114 148
116 148
122 148
126 148
131 148
134 148
136 148
138 148
139 148
141 148
142 148
144 148
145 148
146 148
147 148
2 149
4 149
8 149
16 149
18 149
19 149
24 149
25 149
26 149
34 149
36 149
37 149
38 149
39 149
40 149
49 149
53 149
55 149
56 149
57 149
61 149
65 149
66 149
67 149
68 149
69 149
70 149
71 149
72 149
73 149
74 149
75 149
76 149
81 149
82 149
84 149
87 149
92 149
94 149
95 149
96 149
99 149
101 149
103 149
106 149
107 149
108 149
109 149
112 149
113 149
114 149
115 149
116 149
122 149
126 149
131 149
133 149
134 149
136 149
138 149
139 149
141 149
142 149
146 149
147 149
148 149
0 150
5 150
11 150
62 150
78 150
79 150
90 150
100 150
117 150
123 150
135 150
2 151
4 151
9 151
13 151
14 151
15 151
16 151
18 151
22 151
24 151
25 151
26 151
29 151
34 151
39 151
41 151
43 151
47 151
49 151
51 151
55 151
56 151
57 151
58 151
61 151
66 151
67 151
68 151
71 151
72 151
73 151
76 151
80 151
81 151
83 151
87 151
92 151
95 151
96 151
98 151
101 151
105 151
108 151
109 151
113 151
114 151
115 151
116 151
122 151
126 151
131 151
133 151
136 151
138 151
139 151
141 151
142 151
143 151
148 151
149 151
3 152
4 152
8 152
16 152
18 152
19 152
23 152
25 152
26 152
34 152
36 152
37 152
38 152
39 152
40 152
45 152
49 152
53 152
55 152
57 152
59 152
61 152
65 152
66 152
67 152
69 152
70 152
71 152
72 152
73 152
74 152
75 152
76 152
81 152
82 152
84 152
87 152
92 152
94 152
95 152
96 152
97 152
99 152
101 152
103 152
104 152
106 152
107 152
109 152
112 152
113 152
114 152
116 152
122 152
126 152
131 152
134 152
136 152
138 152
139 152
141 152
142 152
144 152
145 152
146 152
147 152
148 152
149 152
6 153
10 153
12 153
20 153
21 153
27 153
28 153
31 153
33 153
42 153
44 153
48 153
50 153
52 153
54 153
60 153
64 153
77 153
85 153
86 153
88 153
89 153
91 153
93 153
102 153
110 153
111 153
119 153
120 153
121 153
124 153
127 153
128 153
130 153
132 153
140 153
6 154
10 154
12 154
20 154
21 154
27 154
28 154
31 154
33 154
42 154
44 154
48 154
50 154
52 154
54 154
60 154
63 154
64 154
77 154
85 154
86 154
88 154
89 154
91 154
93 154
102 154
110 154
111 154
119 154
120 154
121 154
124 154
127 154
128 154
130 154
132 154
140 154
153 154
2 155
9 155
13 155
14 155
15 155
17 155
18 155
22 155
24 155
25 155
26 155
29 155
34 155
39 155
41 155
43 155
47 155
49 155
51 155
55 155
56 155
57 155
58 155
61 155
66 155
67 155
68 155
72 155
73 155
80 155
81 155
83 155
87 155
92 155
95 155
96 155
98 155
101 155
105 155
108 155
109 155
113 155
114 155
115 155
116 155
122 155
126 155
131 155
133 155
136 155
138 155
139 155
141 155
143 155
149 155
151 155
2 156
9 156
13 156
14 156
15 156
17 156
18 156
22 156
24 156
25 156
26 156
29 156
34 156
39 156
41 156
43 156
47 156
49 156
51 156
55 156
56 156
57 156
58 156
61 156
66 156
68 156
72 156
73 156
80 156
81 156
83 156
87 156
92 156
95 156
96 156
98 156
101 156
105 156
108 156
109 156
113 156
114 156
115 156
122 156
126 156
131 156
133 156
136 156
138 156
139 156
141 156
143 156
149 156
151 156
155 156
2 157
3 157
4 157
8 157
16 157
18 157
19 157
25 157
26 157
34 157
36 157
37 157
38 157
39 157
40 157
49 157
53 157
55 157
57 157
59 157
61 157
65 157
66 157
67 157
68 157
69 157
70 157
71 157
72 157
73 157
74 157
75 157
76 157
81 157
82 157
84 157
87 157
92 157
94 157
95 157
96 157
97 157
99 157
101 157
103 157
104 157
106 157
107 157
108 157
109 157
112 157
113 157
114 157
116 157
122 157
126 157
131 157
134 157
136 157
138 157
139 157
141 157
142 157
144 157
145 157
146 157
147 157
148 157
149 157
151 157
152 157
155 157
3 158
4 158
6 158
8 158
16 158
19 158
20 158
23 158
28 158
36 158
37 158
38 158
40 158
45 158
48 158
50 158
52 158
53 158
54 158
59 158
63 158
64 158
65 158
69 158
70 158
71 158
74 158
75 158
76 158
77 158
82 158
84 158
85 158
86 158
88 158
89 158
91 158
93 158
94 158
97 158
99 158
102 158
103 158
104 158
106 158
107 158
111 158
112 158
116 158
119 158
120 158
124 158
127 158
130 158
134 158
140 158
142 158
144 158
145 158
146 158
147 158
148 158
152 158
157 158
0 159
5 159
9 159
11 159
14 159
15 159
17 159
32 159
35 159
43 159
58 159
62 159
79 159
83 159
90 159
98 159
100 159
105 159
117 159
123 159
125 159
129 159
135 159
143 159
6 160
10 160
12 160
20 160
21 160
27 160
28 160
31 160
33 160
42 160
44 160
48 160
50 160
52 160
54 160
60 160
64 160
77 160
86 160
88 160
89 160
93 160
102 160
110 160
111 160
118 160
119 160
120 160
121 160
124 160
127 160
128 160
130 160
132 160
140 160
153 160
154 160
3 161
4 161
8 161
16 161
18 161
19 161
23 161
25 161
26 161
34 161
36 161
37 161
38 161
39 161
40 161
45 161
49 161
53 161
55 161
57 161
59 161
61 161
65 161
66 161
67 161
69 161
70 161
71 161
72 161
73 161
74 161
75 161
76 161
81 161
82 161
84 161
87 161
92 161
94 161
95 161
96 161
97 161
99 161
101 161
103 161
104 161
106 161
107 161
109 161
112 161
113 161
114 161
116 161
122 161
126 161
131 161
134 161
136 161
138 161
139 161
141 161
142 161
144 161
145 161
146 161
147 161
148 161
149 161
152 161
157 161
158 161
3 162
4 162
8 162
16 162
18 162
19 162
23 162
25 162
26 162
34 162
36 162
37 162
38 162
40 162
45 162
49 162
53 162
55 162
59 162
61 162
63 162
65 162
67 162
69 162
70 162
71 162
74 162
75 162
76 162
81 162
82 162
84 162
85 162
87 162
91 162
92 162
94 162
95 162
97 162
99 162
103 162
104 162
106 162
107 162
109 162
112 162
116 162
126 162
134 162
139 162
141 162
142 162
144 162
145 162
146 162
147 162
148 162
149 162
152 162
157 162
158 162
161 162
2 163
4 163
8 163
9 163
13 163
14 163
16 163
18 163
19 163
22 163
24 163
25 163
26 163
29 163
34 163
38 163
39 163
40 163
41 163
47 163
49 163
51 163
55 163
56 163
57 163
58 163
61 163
66 163
67 163
68 163
70 163
71 163
72 163
73 163
76 163
80 163
81 163
82 163
83 163
87 163
92 163
95 163
96 163
99 163
101 163
108 163
109 163
113 163
114 163
115 163
116 163
122 163
126 163
131 163
133 163
134 163
136 163
138 163
139 163
141 163
142 163
146 163
147 163
148 163
149 163
151 163
152 163
155 163
156 163
157 163
161 163
0 164
2 164
9 164
11 164
13 164
14 164
15 164
17 164
22 164
24 164
29 164
32 164
35 164
41 164
43 164
47 164
51 164
56 164
58 164
62 164
68 164
79 164
80 164
83 164
98 164
105 164
115 164
123 164
125 164
129 164
133 164
135 164
143 164
155 164
156 164
159 164
3 165
6 165
19 165
20 165
21 165
23 165
28 165
33 165
36 165
37 165
38 165
40 165
44 165
45 165
48 165
50 165
52 165
53 165
54 165
59 165
63 165
64 165
65 165
69 165
74 165
75 165
77 165
84 165
85 165
86 165
88 165
89 165
91 165
93 165
94 165
97 165
102 165
103 165
104 165
106 165
107 165
110 165
111 165
112 165
119 165
120 165
121 165
124 165
127 165
128 165
130 165
134 165
140 165
144 165
145 165
147 165
153 165
154 165
158 165
162 165
3 166
4 166
8 166
16 166
18 166
19 166
23 166
25 166
26 166
34 166
36 166
37 166
38 166
39 166
40 166
45 166
49 166
53 166
55 166
57 166
59 166
61 166
63 166
65 166
66 166
67 166
69 166
70 166
71 166
73 166
74 166
75 166
76 166
81 166
82 166
84 166
85 166
87 166
91 166
92 166
94 166
95 166
97 166
99 166
101 166
103 166
104 166
106 166
107 166
109 166
112 166
116 166
122 166
126 166
131 166
134 166
136 166
138 166
139 166
141 166
142 166
144 166
145 166
146 166
147 166
148 166
149 166
152 166
157 166
158 166
161 166
162 166
163 166
165 166
0 167
2 167
9 167
11 167
13 167
14 167
15 167
17 167
22 167
24 167
29 167
32 167
35 167
41 167
43 167
47 167
51 167
56 167
58 167
68 167
72 167
80 167
83 167
96 167
98 167
101 167
105 167
108 167
113 167
114 167
115 167
122 167
123 167
125 167
129 167
133 167
135 167
136 167
138 167
143 167
151 167
155 167
156 167
159 167
163 167
164 167
6 168
10 168
12 168
20 168
21 168
27 168
28 168
31 168
33 168
42 168
44 168
48 168
50 168
52 168
54 168
60 168
63 168
64 168
77 168
85 168
86 168
88 168
89 168
91 168
93 168
102 168
110 168
111 168
119 168
120 168
121 168
124 168
127 168
128 168
130 168
132 168
140 168
153 168
154 168
160 168
165 168
2 169
9 169
13 169
14 169
15 169
17 169
22 169
24 169
29 169
32 169
34 169
35 169
39 169
41 169
43 169
47 169
51 169
56 169
57 169
58 169
61 169
66 169
68 169
72 169
73 169
80 169
81 169
83 169
92 169
95 169
96 169
98 169
101 169
105 169
108 169
113 169
114 169
115 169
122 169
125 169
129 169
131 169
133 169
136 169
138 169
141 169
143 169
151 169
155 169
156 169
159 169
163 169
164 169
167 169
3 170
4 170
8 170
16 170
18 170
19 170
23 170
25 170
26 170
34 170
36 170
37 170
38 170
39 170
40 170
45 170
49 170
53 170
55 170
57 170
59 170
61 170
63 170
65 170
66 170
67 170
69 170
70 170
71 170
72 170
73 170
74 170
75 170
76 170
81 170
82 170
84 170
85 170
87 170
91 170
92 170
94 170
95 170
97 170
99 170
101 170
103 170
104 170
106 170
107 170
109 170
112 170
116 170
122 170
126 170
131 170
134 170
136 170
138 170
139 170
141 170
142 170
144 170
145 170
146 170
147 170
148 170
149 170
152 170
157 170
158 170
161 170
162 170
163 170
166 170
2 171
9 171
13 171
14 171
15 171
18 171
22 171
24 171
25 171
26 171
29 171
34 171
39 171
41 171
43 171
47 171
49 171
51 171
55 171
56 171
57 171
58 171
61 171
66 171
67 171
68 171
72 171
73 171
76 171
80 171
81 171
83 171
87 171
92 171
95 171
96 171
98 171
101 171
105 171
108 171
109 171
113 171
114 171
115 171
116 171
122 171
126 171
131 171
133 171
136 171
138 171
139 171
141 171
143 171
148 171
149 171
151 171
155 171
156 171
157 171
163 171
164 171
167 171
169 171
3 172
4 172
8 172
16 172
18 172
19 172
23 172
25 172
26 172
34 172
36 172
37 172
38 172
39 172
40 172
45 172
49 172
53 172
55 172
57 172
59 172
61 172
65 172
66 172
67 172
68 172
69 172
70 172
71 172
72 172
73 172
74 172
75 172
76 172
81 172
82 172
84 172
87 172
92 172
94 172
95 172
96 172
97 172
99 172
101 172
103 172
104 172
106 172
107 172
108 172
109 172
112 172
113 172
114 172
116 172
122 172
126 172
131 172
134 172
136 172
138 172
139 172
141 172
142 172
144 172
145 172
146 172
147 172
148 172
149 172
151 172
152 172
157 172
158 172
161 172
162 172
163 172
166 172
170 172
171 172
2 173
4 173
9 173
13 173
14 173
15 173
16 173
18 173
22 173
24 173
25 173
26 173
29 173
34 173
39 173
41 173
43 173
47 173
49 173
51 173
55 173
56 173
57 173
58 173
61 173
66 173
67 173
68 173
70 173
71 173
72 173
73 173
76 173
80 173
81 173
83 173
87 173
92 173
95 173
96 173
98 173
101 173
105 173
108 173
109 173
113 173
114 173
115 173
116 173
122 173
126 173
131 173
133 173
136 173
138 173
139 173
141 173
142 173
143 173
148 173
149 173
151 173
152 173
155 173
156 173
157 173
161 173
163 173
167 173
169 173
171 173
172 173
1 174
7 174
10 174
12 174
21 174
27 174
30 174
31 174
42 174
60 174
118 174
132 174
153 174
160 174
3 175
4 175
8 175
16 175
18 175
19 175
23 175
25 175
26 175
34 175
36 175
37 175
38 175
39 175
40 175
45 175
49 175
53 175
55 175
57 175
59 175
61 175
65 175
66 175
67 175
69 175
70 175
71 175
72 175
73 175
74 175
75 175
76 175
81 175
82 175
84 175
87 175
92 175
94 175
95 175
96 175
97 175
99 175
101 175
103 175
104 175
106 175
107 175
109 175
112 175
113 175
114 175
116 175
122 175
126 175
131 175
134 175
136 175
138 175
139 175
141 175
142 175
144 175
145 175
146 175
147 175
148 175
149 175
152 175
157 175
158 175
161 175
162 175
163 175
166 175
170 175
172 175
173 175
2 176
9 176
13 176
14 176
15 176
17 176
22 176
24 176
29 176
32 176
34 176
39 176
41 176
43 176
47 176
51 176
56 176
57 176
58 176
61 176
66 176
68 176
72 176
73 176
80 176
81 176
83 176
92 176
95 176
96 176
98 176
101 176
105 176
108 176
113 176
114 176
115 176
122 176
125 176
129 176
131 176
133 176
136 176
138 176
141 176
143 176
151 176
155 176
156 176
163 176
164 176
167 176
169 176
171 176
173 176
2 177
4 177
8 177
9 177
13 177
14 177
16 177
18 177
19 177
22 177
24 177
25 177
26 177
29 177
34 177
39 177
40 177
41 177
43 177
47 177
49 177
51 177
55 177
56 177
57 177
58 177
61 177
66 177
67 177
68 177
70 177
71 177
72 177
73 177
76 177
80 177
81 177
82 177
83 177
87 177
92 177
95 177
96 177
99 177
101 177
108 177
109 177
113 177
114 177
115 177
116 177
122 177
126 177
131 177
133 177
134 177
136 177
138 177
139 177
141 177
142 177
146 177
148 177
149 177
151 177
152 177
155 177
156 177
157 177
161 177
163 177
166 177
167 177
169 177
170 177
171 177
172 177
173 177
175 177
176 177
3 178
6 178
10 178
12 178
20 178
21 178
23 178
27 178
28 178
31 178
33 178
42 178
44 178
45 178
48 178
50 178
52 178
54 178
60 178
63 178
64 178
77 178
85 178
86 178
88 178
89 178
91 178
93 178
102 178
110 178
111 178
119 178
120 178
121 178
124 178
127 178
128 178
130 178
132 178
140 178
153 178
154 178
158 178
160 178
165 178
168 178
6 179
10 179
12 179
20 179
21 179
27 179
28 179
31 179
33 179
42 179
44 179
48 179
50 179
52 179
54 179
60 179
64 179
77 179
86 179
88 179
89 179
93 179
102 179
110 179
111 179
119 179
120 179
121 179
124 179
127 179
128 179
130 179
132 179
140 179
153 179
154 179
160 179
165 179
168 179
174 179
178 179
3 180
4 180
8 180
16 180
18 180
19 180
23 180
25 180
26 180
36 180
37 180
38 180
40 180
45 180
49 180
50 180
53 180
54 180
55 180
59 180
63 180
64 180
65 180
67 180
69 180
70 180
71 180
74 180
75 180
76 180
77 180
82 180
84 180
85 180
87 180
88 180
91 180
94 180
97 180
99 180
102 180
103 180
104 180
106 180
107 180
109 180
112 180
116 180
124 180
126 180
127 180
130 180
134 180
139 180
142 180
144 180
145 180
146 180
147 180
148 180
149 180
152 180
157 180
158 180
161 180
162 180
165 180
166 180
170 180
172 180
175 180
0 181
2 181
9 181
11 181
13 181
14 181
15 181
17 181
22 181
24 181
29 181
32 181
35 181
41 181
43 181
47 181
51 181
56 181
58 181
68 181
72 181
80 181
83 181
96 181
98 181
101 181
105 181
108 181
113 181
114 181
115 181
122 181
123 181
125 181
129 181
133 181
135 181
136 181
138 181
143 181
151 181
155 181
156 181
159 181
163 181
164 181
167 181
169 181
171 181
173 181
176 181
177 181
3 182
4 182
8 182
16 182
18 182
19 182
20 182
23 182
25 182
26 182
36 182
37 182
38 182
40 182
45 182
48 182
49 182
50 182
53 182
54 182
55 182
59 182
63 182
64 182
65 182
67 182
69 182
70 182
71 182
74 182
75 182
76 182
77 182
82 182
84 182
85 182
87 182
88 182
91 182
93 182
94 182
97 182
99 182
102 182
103 182
104 182
106 182
107 182
109 182
112 182
116 182
120 182
124 182
126 182
127 182
130 182
134 182
139 182
142 182
144 182
145 182
146 182
147 182
148 182
149 182
152 182
157 182
158 182
161 182
162 182
165 182
166 182
170 182
172 182
175 182
180 182
3 183
6 183
10 183
12 183
20 183
21 183
23 183
27 183
28 183
31 183
33 183
36 183
37 183
44 183
45 183
48 183
50 183
52 183
53 183
54 183
59 183
60 183
63 183
64 183
65 183
69 183
74 183
75 183
77 183
85 183
86 183
88 183
89 183
91 183
93 183
94 183
97 183
102 183
103 183
104 183
110 183
111 183
112 183
119 183
120 183
121 183
124 183
127 183
128 183
130 183
140 183
144 183
145 183
153 183
154 183
158 183
160 183
165 183
168 183
178 183
179 183
180 183
182 183
1 184
7 184
30 184
42 184
118 184
132 184
174 184
2 185
4 185
8 185
13 185
16 185
18 185
19 185
22 185
24 185
25 185
26 185
29 185
34 185
38 185
39 185
40 185
41 185
47 185
49 185
51 185
55 185
56 185
57 185
61 185
66 185
67 185
68 185
70 185
71 185
72 185
73 185
76 185
80 185
81 185
82 185
84 185
87 185
92 185
95 185
96 185
99 185
101 185
106 185
107 185
108 185
109 185
113 185
114 185
115 185
116 185
122 185
126 185
131 185
133 185
134 185
136 185
138 185
139 185
141 185
142 185
146 185
147 185
148 185
149 185
151 185
152 185
155 185
156 185
157 185
161 185
162 185
163 185
166 185
169 185
170 185
171 185
172 185
173 185
175 185
176 185
177 185
3 186
6 186
10 186
20 186
21 186
23 186
28 186
33 186
36 186
37 186
44 186
45 186
48 186
50 186
52 186
53 186
54 186
59 186
60 186
63 186
64 186
65 186
69 186
74 186
75 186
77 186
85 186
86 186
88 186
89 186
91 186
93 186
94 186
97 186
102 186
103 186
104 186
107 186
110 186
111 186
112 186
119 186
120 186
121 186
124 186
127 186
128 186
130 186
140 186
144 186
145 186
153 186
154 186
158 186
160 186
162 186
165 186
168 186
178 186
179 186
180 186
182 186
183 186
6 187
10 187
12 187
20 187
21 187
27 187
28 187
31 187
33 187
42 187
44 187
48 187
50 187
52 187
54 187
60 187
64 187
77 187
86 187
88 187
89 187
93 187
102 187
110 187
111 187
119 187
120 187
121 187
124 187
127 187
128 187
130 187
132 187
140 187
153 187
154 187
160 187
168 187
174 187
178 187
179 187
183 187
186 187
3 188
4 188
8 188
16 188
18 188
19 188
23 188
25 188
26 188
36 188
37 188
38 188
40 188
45 188
49 188
50 188
53 188
55 188
59 188
63 188
65 188
67 188
69 188
70 188
71 188
74 188
75 188
76 188
82 188
84 188
85 188
87 188
91 188
94 188
97 188
99 188
102 188
103 188
104 188
106 188
107 188
109 188
112 188
116 188
126 188
130 188
134 188
139 188
141 188
142 188
144 188
145 188
146 188
147 188
148 188
149 188
152 188
157 188
158 188
161 188
162 188
165 188
166 188
170 188
172 188
175 188
180 188
182 188
183 188
185 188
186 188
1 189
7 189
12 189
27 189
30 189
31 189
42 189
118 189
132 189
174 189
184 189
3 190
6 190
10 190
12 190
20 190
21 190
23 190
27 190
28 190
31 190
33 190
36 190
44 190
45 190
48 190
50 190
52 190
54 190
59 190
60 190
63 190
64 190
77 190
85 190
86 190
88 190
89 190
91 190
93 190
97 190
102 190
104 190
110 190
111 190
119 190
120 190
121 190
124 190
127 190
128 190
130 190
140 190
144 190
145 190
153 190
154 190
158 190
160 190
165 190
168 190
178 190
179 190
183 190
186 190
187 190
2 191
9 191
13 191
14 191
15 191
17 191
22 191
24 191
29 191
32 191
34 191
39 191
41 191
43 191
47 191
51 191
56 191
57 191
58 191
61 191
66 191
68 191
72 191
73 191
80 191
81 191
83 191
92 191
95 191
96 191
98 191
101 191
105 191
108 191
113 191
114 191
115 191
122 191
129 191
131 191
133 191
136 191
138 191
141 191
143 191
151 191
155 191
156 191
163 191
164 191
167 191
169 191
171 191
173 191
176 191
177 191
181 191
185 191
0 192
2 192
9 192
11 192
13 192
14 192
15 192
17 192
22 192
24 192
29 192
32 192
35 192
41 192
43 192
47 192
51 192
56 192
58 192
62 192
79 192
80 192
83 192
98 192
105 192
115 192
123 192
125 192
129 192
133 192
135 192
143 192
155 192
156 192
159 192
164 192
167 192
169 192
176 192
181 192
191 192
0 193
2 193
9 193
11 193
13 193
14 193
15 193
17 193
22 193
24 193
29 193
32 193
35 193
41 193
43 193
47 193
51 193
56 193
58 193
62 193
68 193
80 193
83 193
98 193
105 193
108 193
115 193
123 193
125 193
129 193
133 193
135 193
143 193
151 193
155 193
156 193
159 193
164 193
167 193
169 193
171 193
176 193
181 193
191 193
192 193
3 194
4 194
8 194
16 194
18 194
19 194
20 194
23 194
36 194
37 194
38 194
40 194
45 194
48 194
50 194
53 194
54 194
55 194
59 194
63 194
64 194
65 194
67 194
69 194
70 194
71 194
74 194
75 194
76 194
77 194
82 194
84 194
85 194
88 194
89 194
91 194
93 194
94 194
97 194
99 194
102 194
103 194
104 194
106 194
107 194
109 194
112 194
116 194
120 194
124 194
126 194
127 194
130 194
134 194
142 194
144 194
145 194
146 194
147 194
148 194
149 194
152 194
157 194
158 194
161 194
162 194
165 194
166 194
170 194
172 194
175 194
180 194
182 194
183 194
186 194
188 194
3 195
4 195
8 195
16 195
18 195
19 195
20 195
23 195
36 195
37 195
38 195
40 195
45 195
48 195
50 195
53 195
54 195
55 195
59 195
63 195
64 195
65 195
67 195
69 195
70 195
71 195
74 195
75 195
76 195
77 195
82 195
84 195
85 195
88 195
89 195
91 195
93 195
94 195
97 195
99 195
102 195
103 195
104 195
106 195
107 195
109 195
112 195
116 195
120 195
124 195
126 195
127 195
130 195
134 195
142 195
144 195
145 195
146 195
147 195
148 195
149 195
152 195
157 195
158 195
161 195
162 195
165 195
166 195
170 195
172 195
175 195
180 195
182 195
183 195
186 195
188 195
190 195
194 195
2 196
9 196
13 196
14 196
15 196
17 196
18 196
22 196
24 196
25 196
26 196
29 196
34 196
39 196
41 196
43 196
47 196
49 196
51 196
55 196
56 196
57 196
58 196
61 196
66 196
67 196
68 196
72 196
73 196
80 196
81 196
83 196
87 196
92 196
95 196
96 196
98 196
101 196
105 196
108 196
109 196
113 196
114 196
115 196
122 196
126 196
131 196
133 196
136 196
138 196
139 196
141 196
143 196
149 196
151 196
155 196
156 196
163 196
164 196
167 196
169 196
171 196
173 196
176 196
177 196
181 196
185 196
191 196
192 196
193 196
2 197
4 197
8 197
16 197
18 197
19 197
24 197
25 197
26 197
34 197
36 197
37 197
38 197
39 197
40 197
49 197
53 197
55 197
56 197
57 197
61 197
65 197
66 197
67 197
68 197
69 197
70 197
71 197
72 197
73 197
74 197
75 197
76 197
81 197
82 197
84 197
87 197
92 197
94 197
95 197
96 197
99 197
101 197
103 197
106 197
107 197
108 197
109 197
112 197
113 197
114 197
115 197
116 197
122 197
126 197
131 197
134 197
136 197
138 197
139 197
141 197
142 197
146 197
147 197
148 197
149 197
151 197
152 197
155 197
156 197
157 197
161 197
162 197
163 197
166 197
170 197
171 197
172 197
173 197
175 197
177 197
180 197
182 197
185 197
188 197
194 197
195 197
196 197
1 198
7 198
30 198
42 198
46 198
118 198
132 198
174 198
184 198
189 198
6 199
7 199
10 199
12 199
20 199
21 199
27 199
28 199
31 199
33 199
42 199
44 199
48 199
52 199
60 199
86 199
89 199
93 199
110 199
111 199
118 199
119 199
121 199
128 199
132 199
140 199
153 199
154 199
160 199
168 199
174 199
178 199
179 199
184 199
187 199
189 199
190 199