norm 0.0 1.0 200
1 3
2 4
0 5
2 6
4 6
0 7
5 7
6 7
0 8
5 8
7 8
1 9
2 9
3 9
4 9
2 10
4 10
6 10
5 11
6 11
7 11
10 11
2 12
4 12
6 12
9 12
10 12
11 12
1 13
2 13
3 13
4 13
9 13
12 13
1 14
3 14
9 14
13 14
0 15
5 15
7 15
8 15
1 16
3 16
9 16
14 16
1 17
3 17
9 17
13 17
14 17
16 17
4 18
5 18
6 18
7 18
10 18
11 18
12 18
2 19
4 19
6 19
9 19
10 19
12 19
13 19
1 20
3 20
9 20
14 20
16 20
17 20
2 21
4 21
6 21
7 21
10 21
11 21
12 21
18 21
19 21
0 22
5 22
7 22
8 22
11 22
15 22
16 23
17 23
20 23
0 24
5 24
8 24
15 24
22 24
0 25
5 25
7 25
8 25
15 25
22 25
24 25
2 26
4 26
6 26
9 26
10 26
12 26
13 26
19 26
21 26
2 27
4 27
6 27
9 27
10 27
12 27
13 27
19 27
21 27
26 27
2 28
4 28
6 28
9 28
10 28
12 28
13 28
19 28
21 28
26 28
27 28
2 29
4 29
6 29
9 29
10 29
12 29
13 29
18 29
19 29
21 29
26 29
27 29
28 29
2 30
4 30
6 30
9 30
10 30
12 30
13 30
19 30
21 30
26 30
27 30
28 30
29 30
1 31
2 31
3 31
4 31
9 31
12 31
13 31
14 31
16 31
17 31
19 31
20 31
26 31
27 31
28 31
29 31
30 31
2 32
4 32
6 32
10 32
11 32
12 32
18 32
19 32
21 32
26 32
27 32
28 32
29 32
30 32
3 33
16 33
17 33
20 33
23 33
1 34
2 34
3 34
9 34
13 34
14 34
16 34
17 34
19 34
20 34
28 34
30 34
31 34
1 35
2 35
3 35
9 35
13 35
14 35
16 35
17 35
19 35
20 35
28 35
30 35
31 35
34 35
0 36
5 36
7 36
8 36
11 36
15 36
18 36
22 36
24 36
25 36
2 37
4 37
6 37
9 37
10 37
12 37
13 37
19 37
21 37
26 37
27 37
28 37
29 37
30 37
31 37
32 37
2 38
4 38
6 38
7 38
10 38
11 38
12 38
18 38
19 38
21 38
26 38
27 38
28 38
29 38
30 38
32 38
37 38
0 39
5 39
7 39
8 39
11 39
15 39
18 39
22 39
24 39
25 39
36 39
1 40
3 40
14 40
16 40
17 40
20 40
23 40
33 40
34 40
35 40
1 41
2 41
3 41
4 41
6 41
9 41
10 41
12 41
13 41
14 41
19 41
21 41
26 41
27 41
28 41
29 41
30 41
31 41
32 41
34 41
35 41
37 41
38 41
1 42
3 42
14 42
16 42
17 42
20 42
23 42
33 42
34 42
35 42
40 42
1 43
2 43
3 43
4 43
9 43
12 43
13 43
14 43
16 43
17 43
19 43
20 43
26 43
27 43
28 43
29 43
30 43
31 43
34 43
35 43
37 43
41 43
2 44
4 44
6 44
7 44
10 44
11 44
12 44
18 44
19 44
21 44
26 44
27 44
28 44
29 44
30 44
32 44
37 44
38 44
2 45
4 45
6 45
7 45
10 45
11 45
12 45
18 45
19 45
21 45
26 45
27 45
28 45
29 45
30 45
32 45
37 45
38 45
44 45
2 46
4 46
6 46
9 46
10 46
12 46
13 46
18 46
19 46
21 46
26 46
27 46
28 46
29 46
30 46
31 46
32 46
37 46
38 46
41 46
43 46
44 46
45 46
0 47
5 47
6 47
7 47
11 47
15 47
18 47
21 47
22 47
25 47
36 47
38 47
39 47
44 47
45 47
0 48
5 48
7 48
8 48
11 48
15 48
18 48
22 48
24 48
25 48
36 48
39 48
47 48
1 49
3 49
14 49
16 49
17 49
20 49
23 49
33 49
40 49
42 49
1 50
2 50
3 50
9 50
13 50
14 50
16 50
17 50
20 50
28 50
30 50
31 50
34 50
35 50
40 50
41 50
42 50
43 50
0 51
8 51
15 51
22 51
24 51
25 51
16 52
17 52
20 52
23 52
33 52
40 52
42 52
49 52
23 53
33 53
49 53
52 53
2 54
4 54
6 54
9 54
10 54
12 54
13 54
19 54
21 54
26 54
27 54
28 54
29 54
30 54
31 54
32 54
34 54
35 54
37 54
38 54
41 54
43 54
44 54
45 54
46 54
50 54
0 55
5 55
6 55
7 55
8 55
11 55
15 55
18 55
21 55
22 55
25 55
36 55
38 55
39 55
44 55
45 55
47 55
48 55
4 56
5 56
6 56
7 56
10 56
11 56
12 56
18 56
21 56
29 56
32 56
36 56
38 56
39 56
44 56
45 56
46 56
47 56
48 56
55 56
1 57
2 57
3 57
9 57
13 57
14 57
16 57
17 57
20 57
28 57
30 57
31 57
34 57
35 57
40 57
41 57
42 57
43 57
50 57
54 57
0 58
5 58
6 58
7 58
8 58
11 58
15 58
18 58
21 58
22 58
25 58
36 58
38 58
39 58
44 58
45 58
47 58
48 58
55 58
56 58
1 59
3 59
9 59
13 59
14 59
16 59
17 59
20 59
31 59
33 59
34 59
35 59
40 59
42 59
43 59
49 59
50 59
52 59
57 59
23 60
33 60
49 60
52 60
53 60
1 61
2 61
3 61
4 61
9 61
10 61
12 61
13 61
14 61
19 61
26 61
27 61
28 61
29 61
30 61
31 61
32 61
34 61
35 61
37 61
41 61
43 61
46 61
50 61
54 61
57 61
59 61
4 62
6 62
7 62
10 62
11 62
12 62
18 62
19 62
21 62
26 62
27 62
29 62
32 62
37 62
38 62
39 62
44 62
45 62
46 62
47 62
48 62
55 62
56 62
58 62
4 63
6 63
7 63
10 63
11 63
12 63
18 63
19 63
21 63
26 63
27 63
29 63
32 63
37 63
38 63
39 63
44 63
45 63
46 63
47 63
48 63
54 63
55 63
56 63
58 63
62 63
1 64
3 64
9 64
13 64
14 64
16 64
17 64
20 64
28 64
30 64
31 64
34 64
35 64
40 64
41 64
42 64
43 64
50 64
57 64
59 64
61 64
1 65
3 65
9 65
13 65
14 65
16 65
17 65
20 65
23 65
31 65
33 65
34 65
35 65
40 65
42 65
43 65
49 65
50 65
52 65
57 65
59 65
64 65
2 66
4 66
6 66
7 66
10 66
11 66
12 66
18 66
19 66
21 66
26 66
27 66
28 66
29 66
30 66
32 66
37 66
38 66
44 66
45 66
46 66
47 66
54 66
55 66
56 66
58 66
62 66
63 66
1 67
3 67
9 67
13 67
14 67
16 67
17 67
20 67
31 67
33 67
34 67
35 67
40 67
42 67
43 67
49 67
50 67
52 67
57 67
59 67
64 67
65 67
1 68
2 68
3 68
4 68
9 68
10 68
12 68
13 68
14 68
19 68
26 68
27 68
28 68
29 68
30 68
31 68
32 68
34 68
35 68
37 68
41 68
43 68
46 68
50 68
54 68
57 68
59 68
61 68
64 68
0 69
8 69
15 69
22 69
24 69
25 69
51 69
1 70
3 70
14 70
16 70
17 70
20 70
23 70
33 70
34 70
35 70
40 70
42 70
49 70
50 70
52 70
57 70
59 70
64 70
65 70
67 70
1 71
3 71
9 71
14 71
16 71
17 71
20 71
23 71
31 71
33 71
34 71
35 71
40 71
42 71
43 71
49 71
50 71
52 71
57 71
59 71
64 71
65 71
67 71
70 71
1 72
2 72
3 72
4 72
9 72
12 72
13 72
14 72
17 72
19 72
26 72
27 72
28 72
29 72
30 72
31 72
32 72
34 72
35 72
37 72
41 72
43 72
46 72
50 72
54 72
57 72
59 72
61 72
64 72
65 72
67 72
68 72
1 73
2 73
3 73
4 73
9 73
10 73
12 73
13 73
14 73
19 73
26 73
27 73
28 73
29 73
30 73
31 73
32 73
34 73
35 73
37 73
41 73
43 73
46 73
50 73
54 73
57 73
59 73
61 73
64 73
67 73
68 73
72 73
1 74
3 74
14 74
16 74
17 74
20 74
23 74
33 74
34 74
35 74
40 74
42 74
49 74
50 74
52 74
57 74
59 74
64 74
65 74
67 74
70 74
71 74
1 75
3 75
9 75
13 75
14 75
16 75
17 75
20 75
23 75
31 75
33 75
34 75
35 75
40 75
42 75
43 75
49 75
50 75
52 75
57 75
59 75
64 75
65 75
67 75
70 75
71 75
74 75
1 76
2 76
3 76
4 76
9 76
12 76
13 76
14 76
17 76
19 76
20 76
26 76
27 76
28 76
29 76
30 76
31 76
34 76
35 76
37 76
41 76
43 76
46 76
50 76
54 76
57 76
59 76
61 76
64 76
65 76
67 76
68 76
72 76
73 76
75 76
0 77
5 77
8 77
15 77
22 77
24 77
25 77
36 77
39 77
48 77
51 77
69 77
1 78
3 78
9 78
13 78
14 78
16 78
17 78
20 78
28 78
30 78
31 78
34 78
35 78
40 78
41 78
42 78
43 78
50 78
57 78
59 78
61 78
64 78
65 78
67 78
68 78
70 78
71 78
72 78
73 78
74 78
75 78
76 78
0 79
5 79
7 79
8 79
11 79
15 79
18 79
22 79
24 79
25 79
36 79
39 79
47 79
48 79
51 79
55 79
58 79
69 79
77 79
2 80
4 80
6 80
9 80
10 80
12 80
13 80
19 80
21 80
26 80
27 80
28 80
29 80
30 80
31 80
32 80
34 80
35 80
37 80
38 80
41 80
43 80
44 80
45 80
46 80
50 80
54 80
57 80
61 80
64 80
66 80
68 80
72 80
73 80
76 80
78 80
16 81
23 81
33 81
40 81
42 81
49 81
52 81
53 81
60 81
70 81
71 81
74 81
2 82
4 82
6 82
9 82
10 82
12 82
13 82
19 82
21 82
26 82
27 82
28 82
29 82
30 82
31 82
32 82
34 82
35 82
37 82
38 82
41 82
43 82
44 82
45 82
46 82
50 82
54 82
57 82
61 82
64 82
66 82
68 82
72 82
73 82
76 82
78 82
80 82
2 83
4 83
6 83
9 83
10 83
12 83
13 83
19 83
21 83
26 83
27 83
28 83
29 83
30 83
31 83
32 83
37 83
38 83
41 83
43 83
44 83
45 83
46 83
54 83
56 83
61 83
62 83
63 83
66 83
68 83
72 83
73 83
76 83
80 83
82 83
16 84
17 84
20 84
23 84
33 84
40 84
42 84
49 84
52 84
53 84
60 84
65 84
70 84
71 84
74 84
75 84
81 84
0 85
5 85
6 85
7 85
8 85
11 85
15 85
18 85
21 85
22 85
25 85
36 85
38 85
39 85
44 85
45 85
47 85
48 85
55 85
56 85
58 85
62 85
63 85
66 85
79 85
2 86
4 86
6 86
9 86
10 86
12 86
13 86
19 86
21 86
26 86
27 86
28 86
29 86
30 86
31 86
32 86
34 86
35 86
37 86
38 86
41 86
43 86
44 86
45 86
46 86
50 86
54 86
57 86
61 86
66 86
68 86
72 86
73 86
76 86
80 86
82 86
83 86
5 87
6 87
7 87
10 87
11 87
12 87
18 87
21 87
22 87
32 87
36 87
38 87
39 87
44 87
45 87
47 87
48 87
55 87
56 87
58 87
62 87
63 87
66 87
79 87
85 87
1 88
3 88
9 88
13 88
14 88
16 88
17 88
20 88
31 88
34 88
35 88
40 88
41 88
42 88
43 88
50 88
57 88
59 88
61 88
64 88
65 88
67 88
68 88
70 88
71 88
72 88
73 88
74 88
75 88
76 88
78 88
80 88
1 89
2 89
3 89
4 89
9 89
12 89
13 89
14 89
16 89
17 89
19 89
20 89
26 89
27 89
28 89
29 89
30 89
31 89
34 89
35 89
37 89
41 89
43 89
46 89
50 89
54 89
57 89
59 89
61 89
64 89
65 89
67 89
68 89
72 89
73 89
75 89
76 89
78 89
80 89
82 89
83 89
86 89
88 89
1 90
2 90
3 90
4 90
9 90
10 90
12 90
13 90
14 90
19 90
26 90
27 90
28 90
29 90
30 90
31 90
32 90
34 90
35 90
37 90
41 90
43 90
46 90
50 90
54 90
57 90
59 90
61 90
64 90
65 90
67 90
68 90
72 90
73 90
76 90
78 90
80 90
82 90
83 90
86 90
88 90
89 90
16 91
23 91
33 91
40 91
42 91
49 91
52 91
53 91
60 91
70 91
71 91
74 91
81 91
84 91
0 92
5 92
7 92
8 92
11 92
15 92
18 92
22 92
24 92
25 92
36 92
39 92
47 92
48 92
51 92
55 92
58 92
69 92
77 92
79 92
85 92
87 92
1 93
2 93
3 93
4 93
9 93
12 93
13 93
14 93
17 93
19 93
26 93
27 93
28 93
29 93
30 93
31 93
32 93
34 93
35 93
37 93
41 93
43 93
46 93
50 93
54 93
57 93
59 93
61 93
64 93
65 93
67 93
68 93
72 93
73 93
75 93
76 93
78 93
80 93
82 93
83 93
86 93
88 93
89 93
90 93
2 94
4 94
6 94
10 94
11 94
12 94
13 94
18 94
19 94
21 94
26 94
27 94
28 94
29 94
30 94
32 94
37 94
38 94
41 94
44 94
45 94
46 94
54 94
56 94
61 94
62 94
63 94
66 94
68 94
72 94
73 94
76 94
80 94
82 94
83 94
86 94
87 94
90 94
93 94
1 95
3 95
14 95
16 95
17 95
20 95
23 95
33 95
34 95
35 95
40 95
42 95
49 95
50 95
52 95
57 95
59 95
64 95
65 95
67 95
70 95
71 95
74 95
75 95
78 95
81 95
84 95
88 95
91 95
1 97
3 97
9 97
13 97
14 97
16 97
17 97
20 97
31 97
33 97
34 97
35 97
40 97
42 97
43 97
49 97
50 97
52 97
57 97
59 97
61 97
64 97
65 97
67 97
68 97
70 97
71 97
72 97
73 97
74 97
75 97
76 97
78 97
88 97
89 97
90 97
93 97
95 97
2 98
4 98
6 98
7 98
10 98
11 98
12 98
18 98
19 98
21 98
26 98
27 98
28 98
29 98
30 98
32 98
37 98
38 98
44 98
45 98
46 98
47 98
54 98
55 98
56 98
58 98
62 98
63 98
66 98
80 98
82 98
83 98
85 98
86 98
87 98
94 98
0 99
5 99
7 99
8 99
11 99
15 99
18 99
22 99
24 99
25 99
36 99
39 99
47 99
48 99
55 99
56 99
58 99
77 99
79 99
85 99
87 99
92 99
0 100
5 100
7 100
8 100
11 100
15 100
22 100
24 100
25 100
36 100
39 100
47 100
48 100
51 100
55 100
58 100
69 100
77 100
79 100
85 100
87 100
92 100
99 100
1 101
3 101
14 101
16 101
17 101
20 101
23 101
33 101
40 101
42 101
49 101
52 101
53 101
59 101
64 101
65 101
67 101
70 101
71 101
74 101
75 101
78 101
81 101
84 101
88 101
91 101
95 101
97 101
0 102
5 102
7 102
8 102
11 102
15 102
18 102
22 102
24 102
25 102
36 102
39 102
47 102
48 102
55 102
56 102
58 102
77 102
79 102
85 102
87 102
92 102
99 102
100 102
1 103
3 103
9 103
13 103
14 103
16 103
17 103
20 103
31 103
33 103
34 103
35 103
40 103
42 103
43 103
49 103
50 103
52 103
57 103
59 103
64 103
65 103
67 103
70 103
71 103
72 103
73 103
74 103
75 103
76 103
78 103
88 103
89 103
90 103
93 103
95 103
97 103
101 103
0 104
5 104
6 104
7 104
10 104
11 104
15 104
18 104
21 104
22 104
25 104
32 104
36 104
38 104
39 104
44 104
45 104
47 104
48 104
55 104
56 104
58 104
62 104
63 104
66 104
79 104
85 104
87 104
92 104
98 104
99 104
100 104
102 104
0 105
5 105
7 105
8 105
11 105
15 105
18 105
22 105
24 105
25 105
36 105
39 105
44 105
47 105
48 105
55 105
56 105
58 105
62 105
63 105
77 105
79 105
85 105
87 105
92 105
99 105
100 105
102 105
104 105
1 106
2 106
3 106
4 106
9 106
10 106
12 106
13 106
14 106
19 106
26 106
27 106
28 106
29 106
30 106
31 106
32 106
34 106
35 106
37 106
41 106
43 106
46 106
50 106
54 106
57 106
59 106
61 106
64 106
65 106
67 106
68 106
72 106
73 106
76 106
78 106
80 106
82 106
83 106
86 106
88 106
89 106
90 106
93 106
94 106
97 106
103 106
1 107
3 107
9 107
13 107
14 107
16 107
17 107
20 107
31 107
33 107
34 107
35 107
40 107
42 107
43 107
49 107
50 107
52 107
57 107
59 107
64 107
65 107
67 107
70 107
71 107
72 107
73 107
74 107
75 107
76 107
78 107
88 107
89 107
90 107
93 107
95 107
97 107
101 107
103 107
106 107
4 108
6 108
7 108
10 108
11 108
12 108
18 108
19 108
21 108
26 108
27 108
29 108
32 108
37 108
38 108
39 108
44 108
45 108
46 108
47 108
48 108
55 108
56 108
58 108
62 108
63 108
66 108
83 108
85 108
87 108
94 108
98 108
104 108
105 108
2 109
4 109
6 109
7 109
10 109
11 109
12 109
18 109
19 109
21 109
26 109
27 109
28 109
29 109
30 109
32 109
37 109
38 109
44 109
45 109
46 109
47 109
54 109
55 109
56 109
58 109
62 109
63 109
66 109
80 109
82 109
83 109
85 109
86 109
87 109
94 109
98 109
104 109
105 109
108 109
2 110
4 110
6 110
10 110
11 110
12 110
13 110
18 110
19 110
21 110
26 110
27 110
28 110
29 110
30 110
32 110
37 110
38 110
41 110
44 110
45 110
46 110
54 110
56 110
61 110
62 110
63 110
66 110
68 110
72 110
73 110
76 110
80 110
82 110
83 110
86 110
87 110
90 110
93 110
94 110
98 110
106 110
108 110
109 110
16 111
20 111
23 111
33 111
40 111
42 111
49 111
52 111
53 111
60 111
70 111
71 111
74 111
75 111
81 111
84 111
91 111
95 111
101 111
0 112
5 112
7 112
8 112
11 112
15 112
18 112
22 112
24 112
25 112
36 112
39 112
47 112
48 112
55 112
56 112
58 112
62 112
77 112
79 112
85 112
87 112
92 112
99 112
100 112
102 112
104 112
105 112
1 113
2 113
3 113
4 113
9 113
12 113
13 113
14 113
17 113
19 113
26 113
27 113
28 113
29 113
30 113
31 113
34 113
35 113
37 113
41 113
43 113
46 113
50 113
54 113
57 113
59 113
61 113
64 113
65 113
67 113
68 113
72 113
73 113
75 113
76 113
78 113
80 113
82 113
83 113
86 113
88 113
89 113
90 113
93 113
94 113
97 113
103 113
106 113
107 113
110 113
1 114
3 114
9 114
13 114
14 114
16 114
17 114
20 114
28 114
31 114
34 114
35 114
40 114
41 114
42 114
43 114
50 114
57 114
59 114
61 114
64 114
65 114
67 114
68 114
70 114
71 114
72 114
73 114
74 114
75 114
76 114
78 114
80 114
82 114
88 114
89 114
90 114
93 114
95 114
97 114
101 114
103 114
106 114
107 114
113 114
2 115
4 115
6 115
7 115
10 115
11 115
12 115
18 115
19 115
21 115
26 115
27 115
28 115
29 115
30 115
32 115
37 115
38 115
41 115
44 115
45 115
46 115
47 115
54 115
55 115
56 115
58 115
62 115
63 115
66 115
80 115
82 115
83 115
85 115
86 115
87 115
94 115
98 115
104 115
108 115
109 115
110 115
1 116
2 116
3 116
4 116
9 116
12 116
13 116
14 116
17 116
19 116
26 116
27 116
28 116
29 116
30 116
31 116
32 116
34 116
35 116
37 116
41 116
43 116
46 116
50 116
54 116
57 116
59 116
61 116
64 116
65 116
67 116
68 116
72 116
73 116
75 116
76 116
78 116
80 116
82 116
83 116
86 116
88 116
89 116
90 116
93 116
94 116
97 116
103 116
106 116
107 116
110 116
113 116
114 116
2 117
4 117
6 117
10 117
11 117
12 117
13 117
18 117
19 117
21 117
26 117
27 117
28 117
29 117
30 117
32 117
37 117
38 117
41 117
44 117
45 117
46 117
54 117
56 117
61 117
62 117
63 117
66 117
68 117
72 117
73 117
76 117
80 117
82 117
83 117
86 117
87 117
90 117
93 117
94 117
98 117
106 117
108 117
109 117
110 117
113 117
115 117
116 117
1 118
2 118
3 118
9 118
13 118
14 118
16 118
17 118
19 118
20 118
26 118
27 118
28 118
30 118
31 118
34 118
35 118
37 118
41 118
42 118
43 118
50 118
54 118
57 118
59 118
61 118
64 118
65 118
67 118
68 118
71 118
72 118
73 118
75 118
76 118
78 118
80 118
82 118
83 118
86 118
88 118
89 118
90 118
93 118
97 118
103 118
106 118
107 118
113 118
114 118
116 118
1 119
3 119
9 119
14 119
16 119
17 119
20 119
23 119
31 119
33 119
34 119
35 119
40 119
42 119
43 119
49 119
50 119
52 119
57 119
59 119
64 119
65 119
67 119
70 119
71 119
74 119
75 119
78 119
81 119
84 119
88 119
91 119
95 119
97 119
101 119
103 119
107 119
111 119
114 119
118 119
2 120
4 120
6 120
9 120
10 120
12 120
13 120
19 120
21 120
26 120
27 120
28 120
29 120
30 120
31 120
32 120
34 120
35 120
37 120
38 120
41 120
43 120
44 120
45 120
46 120
54 120
61 120
62 120
63 120
66 120
68 120
72 120
73 120
76 120
80 120
82 120
83 120
86 120
89 120
90 120
93 120
94 120
98 120
106 120
108 120
109 120
110 120
113 120
115 120
116 120
117 120
118 120
0 121
5 121
8 121
15 121
22 121
24 121
25 121
36 121
39 121
48 121
51 121
69 121
77 121
79 121
92 121
99 121
100 121
102 121
112 121
2 122
4 122
6 122
9 122
10 122
12 122
13 122
19 122
21 122
26 122
27 122
28 122
29 122
30 122
31 122
32 122
37 122
38 122
41 122
43 122
44 122
45 122
46 122
54 122
61 122
62 122
63 122
66 122
68 122
72 122
73 122
76 122
80 122
82 122
83 122
86 122
89 122
90 122
93 122
94 122
98 122
106 122
108 122
109 122
110 122
113 122
115 122
116 122
117 122
118 122
120 122
2 123
4 123
6 123
9 123
10 123
12 123
13 123
19 123
21 123
26 123
27 123
28 123
29 123
30 123
31 123
32 123
37 123
38 123
41 123
43 123
44 123
45 123
46 123
54 123
56 123
61 123
62 123
63 123
66 123
68 123
72 123
73 123
76 123
80 123
82 123
83 123
86 123
89 123
90 123
93 123
94 123
98 123
106 123
108 123
109 123
110 123
113 123
115 123
116 123
117 123
118 123
120 123
122 123
0 124
5 124
6 124
7 124
11 124
15 124
18 124
21 124
22 124
25 124
36 124
38 124
39 124
44 124
45 124
47 124
48 124
55 124
56 124
58 124
62 124
63 124
66 124
79 124
85 124
87 124
92 124
98 124
99 124
100 124
102 124
104 124
105 124
108 124
109 124
112 124
115 124
2 125
4 125
6 125
9 125
10 125
12 125
13 125
18 125
19 125
21 125
26 125
27 125
28 125
29 125
30 125
31 125
32 125
37 125
38 125
41 125
43 125
44 125
45 125
46 125
54 125
56 125
61 125
62 125
63 125
66 125
68 125
72 125
73 125
76 125
80 125
82 125
83 125
86 125
89 125
90 125
93 125
94 125
98 125
106 125
108 125
109 125
110 125
113 125
115 125
116 125
117 125
120 125
122 125
123 125
1 126
3 126
14 126
16 126
17 126
20 126
23 126
33 126
34 126
35 126
40 126
42 126
49 126
50 126
52 126
57 126
59 126
64 126
65 126
67 126
70 126
71 126
74 126
75 126
78 126
81 126
84 126
88 126
91 126
95 126
97 126
101 126
103 126
107 126
111 126
114 126
119 126
96 127
1 128
3 128
9 128
14 128
16 128
17 128
20 128
23 128
31 128
33 128
34 128
35 128
40 128
42 128
43 128
49 128
50 128
52 128
57 128
59 128
64 128
65 128
67 128
70 128
71 128
74 128
75 128
78 128
81 128
84 128
88 128
89 128
91 128
95 128
97 128
101 128
103 128
107 128
111 128
114 128
118 128
119 128
126 128
0 129
5 129
7 129
8 129
15 129
22 129
24 129
25 129
36 129
39 129
47 129
48 129
51 129
55 129
58 129
69 129
77 129
79 129
85 129
92 129
99 129
100 129
102 129
104 129
105 129
112 129
121 129
124 129
1 130
3 130
14 130
16 130
17 130
20 130
23 130
33 130
34 130
35 130
40 130
42 130
49 130
50 130
52 130
57 130
59 130
64 130
65 130
67 130
70 130
71 130
74 130
75 130
78 130
81 130
84 130
88 130
91 130
95 130
97 130
101 130
103 130
107 130
111 130
114 130
119 130
126 130
128 130
0 131
5 131
6 131
7 131
10 131
11 131
18 131
21 131
22 131
25 131
32 131
36 131
38 131
39 131
44 131
45 131
47 131
48 131
55 131
56 131
58 131
62 131
63 131
66 131
79 131
85 131
87 131
92 131
94 131
98 131
99 131
100 131
102 131
104 131
105 131
108 131
109 131
110 131
112 131
115 131
117 131
124 131
129 131
2 132
4 132
6 132
10 132
11 132
12 132
13 132
18 132
19 132
21 132
26 132
27 132
28 132
29 132
30 132
31 132
32 132
37 132
38 132
41 132
44 132
45 132
46 132
54 132
56 132
61 132
62 132
63 132
66 132
68 132
72 132
73 132
76 132
80 132
82 132
83 132
86 132
87 132
89 132
90 132
93 132
94 132
98 132
106 132
108 132
109 132
110 132
113 132
115 132
116 132
117 132
120 132
122 132
123 132
125 132
2 133
4 133
6 133
7 133
10 133
11 133
12 133
18 133
19 133
21 133
26 133
27 133
29 133
32 133
37 133
38 133
39 133
44 133
45 133
46 133
47 133
48 133
54 133
55 133
56 133
58 133
62 133
63 133
66 133
83 133
85 133
86 133
87 133
94 133
98 133
104 133
105 133
108 133
109 133
110 133
115 133
117 133
120 133
122 133
123 133
124 133
125 133
131 133
132 133
0 134
5 134
6 134
7 134
8 134
11 134
15 134
18 134
21 134
22 134
24 134
25 134
36 134
38 134
39 134
44 134
45 134
47 134
48 134
55 134
56 134
58 134
62 134
63 134
66 134
79 134
85 134
87 134
92 134
98 134
99 134
100 134
102 134
104 134
105 134
108 134
109 134
112 134
124 134
129 134
131 134
133 134
2 135
4 135
6 135
10 135
11 135
12 135
18 135
19 135
21 135
26 135
27 135
28 135
29 135
30 135
32 135
37 135
38 135
41 135
44 135
45 135
46 135
47 135
54 135
56 135
58 135
61 135
62 135
63 135
66 135
68 135
80 135
82 135
83 135
86 135
87 135
94 135
98 135
104 135
108 135
109 135
110 135
115 135
117 135
120 135
122 135
123 135
124 135
125 135
131 135
132 135
133 135
23 136
33 136
40 136
42 136
49 136
52 136
53 136
60 136
70 136
74 136
81 136
84 136
91 136
95 136
101 136
111 136
126 136
130 136
1 137
2 137
3 137
9 137
13 137
14 137
16 137
17 137
19 137
20 137
26 137
27 137
28 137
29 137
30 137
31 137
34 137
35 137
37 137
41 137
42 137
43 137
50 137
54 137
57 137
59 137
61 137
64 137
65 137
67 137
68 137
71 137
72 137
73 137
75 137
76 137
78 137
80 137
82 137
83 137
86 137
88 137
89 137
90 137
93 137
97 137
103 137
106 137
107 137
113 137
114 137
116 137
118 137
119 137
120 137
122 137
123 137
128 137
5 138
6 138
7 138
10 138
11 138
18 138
21 138
22 138
32 138
36 138
38 138
39 138
44 138
45 138
47 138
48 138
55 138
56 138
58 138
62 138
63 138
66 138
79 138
85 138
87 138
92 138
94 138
98 138
99 138
100 138
102 138
104 138
105 138
108 138
109 138
110 138
112 138
115 138
117 138
124 138
129 138
131 138
132 138
133 138
134 138
135 138
1 139
3 139
14 139
16 139
17 139
20 139
23 139
33 139
40 139
42 139
49 139
52 139
53 139
59 139
60 139
65 139
67 139
70 139
71 139
74 139
75 139
81 139
84 139
88 139
91 139
95 139
97 139
101 139
103 139
107 139
111 139
119 139
126 139
128 139
130 139
136 139
2 140
4 140
6 140
10 140
11 140
12 140
18 140
19 140
21 140
26 140
27 140
28 140
29 140
30 140
32 140
37 140
38 140
41 140
44 140
45 140
46 140
54 140
56 140
61 140
62 140
63 140
66 140
68 140
72 140
73 140
80 140
82 140
83 140
86 140
87 140
90 140
93 140
94 140
98 140
104 140
106 140
108 140
109 140
110 140
115 140
117 140
120 140
122 140
123 140
125 140
131 140
132 140
133 140
135 140
138 140
0 141
5 141
8 141
15 141
22 141
24 141
25 141
36 141
39 141
48 141
51 141
69 141
77 141
79 141
92 141
99 141
100 141
102 141
105 141
112 141
121 141
129 141
2 142
4 142
6 142
9 142
10 142
12 142
13 142
18 142
19 142
21 142
26 142
27 142
28 142
29 142
30 142
31 142
32 142
37 142
38 142
41 142
43 142
44 142
45 142
46 142
54 142
56 142
61 142
62 142
63 142
66 142
68 142
72 142
73 142
76 142
80 142
82 142
83 142
86 142
89 142
90 142
93 142
94 142
98 142
106 142
108 142
109 142
110 142
113 142
115 142
116 142
117 142
118 142
120 142
122 142
123 142
125 142
132 142
133 142
135 142
137 142
140 142
0 143
5 143
6 143
7 143
10 143
11 143
18 143
21 143
22 143
25 143
32 143
36 143
38 143
39 143
44 143
45 143
47 143
48 143
55 143
56 143
58 143
62 143
63 143
66 143
79 143
85 143
87 143
92 143
94 143
98 143
99 143
100 143
102 143
104 143
105 143
108 143
109 143
110 143
112 143
115 143
117 143
124 143
129 143
131 143
133 143
134 143
135 143
138 143
140 143
2 144
4 144
6 144
7 144
10 144
11 144
12 144
18 144
19 144
21 144
26 144
27 144
29 144
32 144
37 144
38 144
39 144
44 144
45 144
46 144
47 144
48 144
54 144
55 144
56 144
58 144
62 144
63 144
66 144
83 144
85 144
86 144
87 144
94 144
98 144
104 144
105 144
108 144
109 144
110 144
115 144
117 144
120 144
122 144
123 144
124 144
125 144
131 144
132 144
133 144
134 144
135 144
138 144
140 144
142 144
143 144
1 145
3 145
9 145
14 145
16 145
17 145
20 145
23 145
31 145
33 145
34 145
35 145
40 145
42 145
43 145
49 145
50 145
52 145
57 145
59 145
64 145
65 145
67 145
70 145
71 145
74 145
75 145
78 145
81 145
84 145
88 145
89 145
91 145
95 145
97 145
101 145
103 145
107 145
111 145
114 145
118 145
119 145
126 145
128 145
130 145
137 145
139 145
1 146
2 146
3 146
4 146
9 146
10 146
12 146
13 146
14 146
19 146
26 146
27 146
28 146
29 146
30 146
31 146
32 146
34 146
35 146
37 146
41 146
43 146
46 146
50 146
54 146
57 146
59 146
61 146
64 146
68 146
72 146
73 146
76 146
78 146
80 146
82 146
83 146
86 146
88 146
89 146
90 146
93 146
94 146
97 146
106 146
110 146
113 146
114 146
115 146
116 146
117 146
118 146
120 146
122 146
123 146
125 146
132 146
135 146
137 146
140 146
142 146
2 147
4 147
6 147
7 147
10 147
11 147
12 147
18 147
19 147
21 147
26 147
27 147
28 147
29 147
30 147
32 147
37 147
38 147
41 147
44 147
45 147
46 147
47 147
54 147
55 147
56 147
58 147
62 147
63 147
66 147
80 147
82 147
83 147
85 147
86 147
87 147
94 147
98 147
104 147
108 147
109 147
110 147
115 147
117 147
120 147
122 147
123 147
124 147
125 147
131 147
132 147
133 147
134 147
135 147
138 147
140 147
142 147
143 147
144 147
1 148
2 148
3 148
4 148
9 148
10 148
12 148
13 148
14 148
19 148
26 148
27 148
28 148
29 148
30 148
31 148
32 148
34 148
35 148
37 148
41 148
43 148
46 148
50 148
54 148
57 148
59 148
61 148
64 148
68 148
72 148
73 148
76 148
78 148
80 148
82 148
83 148
86 148
88 148
89 148
90 148
93 148
94 148
97 148
106 148
110 148
113 148
114 148
115 148
116 148
117 148
118 148
120 148
122 148
123 148
125 148
132 148
135 148
137 148
140 148
142 148
146 148
1 149
3 149
14 149
16 149
17 149
20 149
23 149
33 149
34 149
35 149
40 149
42 149
49 149
50 149
52 149
57 149
59 149
64 149
65 149
67 149
70 149
71 149
74 149
75 149
78 149
81 149
84 149
88 149
91 149
95 149
97 149
101 149
103 149
107 149
111 149
114 149
118 149
119 149
126 149
128 149
130 149
137 149
139 149
145 149
2 150
4 150
6 150
7 150
10 150
11 150
12 150
18 150
19 150
21 150
26 150
27 150
28 150
29 150
30 150
32 150
37 150
38 150
44 150
45 150
46 150
47 150
54 150
55 150
56 150
58 150
62 150
63 150
66 150
80 150
82 150
83 150
85 150
86 150
87 150
94 150
98 150
104 150
105 150
108 150
109 150
110 150
115 150
117 150
120 150
122 150
123 150
124 150
125 150
131 150
132 150
133 150
134 150
135 150
138 150
140 150
142 150
143 150
144 150
147 150
1 151
2 151
3 151
4 151
9 151
13 151
14 151
16 151
17 151
19 151
20 151
26 151
27 151
28 151
29 151
30 151
31 151
34 151
35 151
37 151
41 151
42 151
43 151
46 151
50 151
54 151
57 151
59 151
61 151
64 151
65 151
67 151
68 151
71 151
72 151
73 151
75 151
76 151
78 151
80 151
82 151
83 151
86 151
88 151
89 151
90 151
93 151
97 151
103 151
106 151
107 151
113 151
114 151
116 151
118 151
119 151
120 151
122 151
123 151
125 151
128 151
137 151
142 151
145 151
146 151
148 151
149 151
2 152
4 152
6 152
9 152
10 152
12 152
13 152
19 152
21 152
26 152
27 152
28 152
29 152
30 152
31 152
32 152
34 152
35 152
37 152
38 152
41 152
43 152
44 152
45 152
46 152
50 152
54 152
57 152
61 152
63 152
66 152
68 152
72 152
73 152
76 152
80 152
82 152
83 152
86 152
89 152
90 152
93 152
94 152
98 152
106 152
109 152
110 152
113 152
115 152
116 152
117 152
118 152
120 152
122 152
123 152
125 152
132 152
133 152
135 152
137 152
140 152
142 152
144 152
146 152
147 152
148 152
150 152
151 152
2 153
4 153
6 153
10 153
11 153
12 153
13 153
18 153
19 153
21 153
26 153
27 153
28 153
29 153
30 153
32 153
37 153
38 153
41 153
44 153
45 153
46 153
54 153
56 153
61 153
62 153
63 153
66 153
68 153
72 153
73 153
76 153
80 153
82 153
83 153
86 153
87 153
90 153
93 153
94 153
98 153
106 153
108 153
109 153
110 153
113 153
115 153
116 153
117 153
120 153
122 153
123 153
125 153
131 153
132 153
133 153
135 153
138 153
140 153
142 153
143 153
144 153
146 153
147 153
148 153
150 153
152 153
2 154
4 154
6 154
7 154
10 154
11 154
12 154
18 154
19 154
21 154
26 154
27 154
28 154
29 154
30 154
32 154
37 154
38 154
41 154
44 154
45 154
46 154
47 154
54 154
55 154
56 154
58 154
62 154
63 154
66 154
80 154
82 154
83 154
85 154
86 154
87 154
94 154
98 154
104 154
108 154
109 154
110 154
115 154
117 154
120 154
122 154
123 154
124 154
125 154
131 154
132 154
133 154
134 154
135 154
138 154
140 154
142 154
143 154
144 154
147 154
150 154
152 154
153 154
2 155
4 155
6 155
9 155
10 155
12 155
13 155
19 155
21 155
26 155
27 155
28 155
29 155
30 155
31 155
32 155
34 155
35 155
37 155
38 155
41 155
43 155
44 155
45 155
46 155
50 155
54 155
57 155
61 155
63 155
66 155
68 155
72 155
73 155
76 155
80 155
82 155
83 155
86 155
89 155
90 155
93 155
94 155
98 155
106 155
109 155
110 155
113 155
115 155
116 155
117 155
118 155
120 155
122 155
123 155
125 155
132 155
133 155
135 155
137 155
140 155
142 155
144 155
146 155
147 155
148 155
150 155
151 155
152 155
153 155
154 155
2 156
4 156
6 156
10 156
11 156
12 156
13 156
18 156
19 156
21 156
26 156
27 156
28 156
29 156
30 156
32 156
37 156
38 156
41 156
44 156
45 156
46 156
54 156
56 156
61 156
62 156
63 156
66 156
68 156
72 156
73 156
76 156
80 156
82 156
83 156
86 156
87 156
90 156
93 156
94 156
98 156
106 156
108 156
109 156
110 156
113 156
115 156
116 156
117 156
120 156
122 156
123 156
125 156
131 156
132 156
133 156
135 156
138 156
140 156
142 156
143 156
144 156
146 156
147 156
148 156
150 156
152 156
153 156
154 156
155 156
23 157
33 157
40 157
49 157
52 157
53 157
60 157
70 157
74 157
81 157
84 157
91 157
95 157
101 157
111 157
126 157
130 157
136 157
139 157
2 158
4 158
6 158
10 158
11 158
12 158
18 158
19 158
21 158
26 158
27 158
28 158
29 158
30 158
32 158
37 158
38 158
41 158
44 158
45 158
46 158
47 158
54 158
56 158
58 158
61 158
62 158
63 158
66 158
68 158
80 158
82 158
83 158
86 158
87 158
94 158
98 158
104 158
108 158
109 158
110 158
115 158
117 158
120 158
122 158
123 158
124 158
125 158
131 158
132 158
133 158
135 158
138 158
140 158
142 158
143 158
144 158
146 158
147 158
148 158
150 158
152 158
153 158
154 158
155 158
156 158
1 159
2 159
3 159
4 159
6 159
9 159
10 159
12 159
13 159
14 159
19 159
21 159
26 159
27 159
28 159
29 159
30 159
31 159
32 159
34 159
35 159
37 159
38 159
41 159
43 159
46 159
50 159
54 159
57 159
59 159
61 159
64 159
68 159
72 159
73 159
76 159
78 159
80 159
82 159
83 159
86 159
88 159
89 159
90 159
93 159
94 159
106 159
110 159
113 159
114 159
115 159
116 159
117 159
118 159
120 159
122 159
123 159
125 159
132 159
135 159
137 159
140 159
142 159
146 159
147 159
148 159
151 159
152 159
153 159
154 159
155 159
156 159
158 159
1 160
3 160
9 160
14 160
16 160
17 160
20 160
23 160
33 160
34 160
35 160
40 160
42 160
43 160
49 160
50 160
52 160
57 160
59 160
64 160
65 160
67 160
70 160
71 160
74 160
75 160
78 160
81 160
84 160
88 160
91 160
95 160
97 160
101 160
103 160
107 160
111 160
114 160
118 160
119 160
126 160
128 160
130 160
137 160
139 160
145 160
149 160
151 160
16 161
17 161
20 161
23 161
33 161
40 161
42 161
49 161
52 161
53 161
60 161
65 161
67 161
70 161
71 161
74 161
75 161
81 161
84 161
91 161
95 161
101 161
103 161
107 161
111 161
119 161
126 161
128 161
130 161
136 161
139 161
145 161
149 161
157 161
160 161
16 162
17 162
20 162
23 162
33 162
40 162
42 162
49 162
52 162
53 162
60 162
70 162
71 162
74 162
75 162
81 162
84 162
91 162
95 162
101 162
111 162
119 162
126 162
128 162
130 162
136 162
139 162
145 162
149 162
157 162
160 162
161 162
1 163
2 163
4 163
6 163
9 163
10 163
12 163
13 163
14 163
19 163
21 163
26 163
27 163
28 163
29 163
30 163
31 163
32 163
34 163
35 163
37 163
38 163
41 163
43 163
45 163
46 163
50 163
54 163
57 163
61 163
64 163
66 163
68 163
72 163
73 163
76 163
78 163
80 163
82 163
83 163
86 163
88 163
89 163
90 163
93 163
94 163
98 163
106 163
110 163
113 163
114 163
115 163
116 163
117 163
118 163
120 163
122 163
123 163
125 163
132 163
135 163
137 163
140 163
142 163
146 163
147 163
148 163
151 163
152 163
153 163
154 163
155 163
156 163
158 163
159 163
3 164
16 164
17 164
20 164
23 164
33 164
40 164
42 164
49 164
52 164
53 164
59 164
60 164
65 164
67 164
70 164
71 164
74 164
75 164
81 164
84 164
91 164
95 164
97 164
101 164
103 164
107 164
111 164
119 164
126 164
128 164
130 164
136 164
139 164
145 164
149 164
157 164
160 164
161 164
162 164
1 165
2 165
3 165
9 165
13 165
14 165
16 165
17 165
19 165
20 165
26 165
27 165
28 165
30 165
31 165
34 165
35 165
37 165
41 165
42 165
43 165
50 165
54 165
57 165
59 165
61 165
64 165
65 165
67 165
68 165
70 165
71 165
72 165
73 165
75 165
76 165
78 165
80 165
82 165
83 165
86 165
88 165
89 165
90 165
93 165
97 165
103 165
106 165
107 165
113 165
114 165
116 165
118 165
119 165
120 165
122 165
123 165
128 165
137 165
145 165
146 165
148 165
149 165
151 165
152 165
155 165
159 165
160 165
163 165
1 166
2 166
3 166
4 166
9 166
12 166
13 166
14 166
17 166
19 166
26 166
27 166
28 166
29 166
30 166
31 166
32 166
34 166
35 166
37 166
41 166
43 166
46 166
50 166
54 166
57 166
59 166
61 166
64 166
65 166
67 166
68 166
72 166
73 166
76 166
78 166
80 166
82 166
83 166
86 166
88 166
89 166
90 166
93 166
94 166
97 166
103 166
106 166
107 166
110 166
113 166
114 166
116 166
117 166
118 166
120 166
122 166
123 166
125 166
132 166
137 166
140 166
142 166
146 166
148 166
151 166
152 166
153 166
155 166
156 166
159 166
163 166
165 166
2 167
4 167
6 167
7 167
10 167
11 167
12 167
18 167
19 167
21 167
26 167
27 167
28 167
29 167
30 167
32 167
37 167
38 167
41 167
44 167
45 167
46 167
47 167
54 167
55 167
56 167
58 167
62 167
63 167
66 167
80 167
82 167
83 167
85 167
86 167
87 167
94 167
98 167
104 167
108 167
109 167
110 167
115 167
117 167
120 167
122 167
123 167
124 167
125 167
131 167
132 167
133 167
134 167
135 167
138 167
140 167
142 167
143 167
144 167
147 167
150 167
152 167
153 167
154 167
155 167
156 167
158 167
163 167
0 168
5 168
6 168
7 168
10 168
11 168
15 168
18 168
21 168
22 168
25 168
36 168
38 168
39 168
44 168
45 168
47 168
48 168
55 168
56 168
58 168
62 168
63 168
66 168
79 168
85 168
87 168
92 168
98 168
99 168
100 168
102 168
104 168
105 168
108 168
109 168
112 168
115 168
124 168
129 168
131 168
133 168
134 168
135 168
138 168
143 168
144 168
147 168
150 168
154 168
158 168
167 168
1 170
2 170
3 170
4 170
9 170
13 170
14 170
16 170
17 170
19 170
20 170
26 170
27 170
28 170
29 170
30 170
31 170
34 170
35 170
37 170
41 170
42 170
43 170
46 170
50 170
54 170
57 170
59 170
61 170
64 170
65 170
67 170
68 170
71 170
72 170
73 170
75 170
76 170
78 170
80 170
82 170
83 170
86 170
88 170
89 170
90 170
93 170
97 170
103 170
106 170
107 170
113 170
114 170
116 170
118 170
119 170
120 170
122 170
123 170
125 170
128 170
137 170
142 170
145 170
146 170
148 170
149 170
151 170
152 170
155 170
159 170
160 170
163 170
165 170
166 170
0 171
5 171
7 171
8 171
11 171
15 171
22 171
24 171
25 171
36 171
39 171
47 171
48 171
51 171
55 171
58 171
69 171
77 171
79 171
85 171
87 171
92 171
99 171
100 171
102 171
104 171
105 171
112 171
121 171
124 171
129 171
131 171
134 171
138 171
141 171
143 171
168 171
2 172
4 172
6 172
7 172
10 172
11 172
12 172
18 172
19 172
21 172
26 172
27 172
28 172
29 172
30 172
32 172
37 172
38 172
41 172
44 172
45 172
46 172
47 172
54 172
55 172
56 172
58 172
62 172
63 172
66 172
80 172
82 172
83 172
85 172
86 172
87 172
94 172
98 172
104 172
108 172
109 172
110 172
115 172
117 172
120 172
122 172
123 172
124 172
125 172
131 172
132 172
133 172
134 172
135 172
138 172
140 172
142 172
143 172
144 172
147 172
150 172
152 172
153 172
154 172
155 172
156 172
158 172
163 172
167 172
168 172
2 173
4 173
6 173
7 173
10 173
11 173
12 173
18 173
19 173
21 173
26 173
27 173
28 173
29 173
30 173
32 173
37 173
38 173
44 173
45 173
46 173
47 173
54 173
55 173
56 173
58 173
62 173
63 173
66 173
80 173
82 173
83 173
85 173
86 173
87 173
94 173
98 173
104 173
108 173
109 173
110 173
115 173
117 173
120 173
122 173
123 173
124 173
125 173
131 173
132 173
133 173
134 173
135 173
138 173
140 173
142 173
143 173
144 173
147 173
150 173
152 173
153 173
154 173
155 173
156 173
158 173
163 173
167 173
168 173
172 173
0 174
5 174
6 174
7 174
10 174
11 174
18 174
21 174
22 174
25 174
32 174
36 174
38 174
39 174
44 174
45 174
47 174
48 174
55 174
56 174
58 174
62 174
63 174
66 174
79 174
85 174
87 174
92 174
94 174
98 174
99 174
100 174
102 174
104 174
105 174
108 174
109 174
110 174
112 174
115 174
117 174
124 174
129 174
131 174
133 174
134 174
135 174
138 174
140 174
143 174
144 174
147 174
150 174
154 174
156 174
158 174
167 174
168 174
171 174
172 174
173 174
1 175
3 175
9 175
13 175
14 175
16 175
17 175
20 175
28 175
30 175
31 175
34 175
35 175
40 175
41 175
42 175
43 175
50 175
57 175
59 175
61 175
64 175
65 175
67 175
68 175
70 175
71 175
72 175
73 175
74 175
75 175
76 175
78 175
80 175
82 175
88 175
89 175
90 175
93 175
95 175
97 175
101 175
103 175
106 175
107 175
113 175
114 175
116 175
118 175
119 175
126 175
128 175
130 175
137 175
145 175
146 175
148 175
149 175
151 175
159 175
160 175
163 175
165 175
166 175
170 175
0 176
5 176
6 176
7 176
10 176
11 176
18 176
21 176
22 176
32 176
36 176
38 176
39 176
44 176
45 176
47 176
48 176
55 176
56 176
58 176
62 176
63 176
66 176
79 176
85 176
87 176
92 176
94 176
98 176
99 176
100 176
102 176
104 176
105 176
108 176
109 176
110 176
112 176
115 176
117 176
124 176
129 176
131 176
132 176
133 176
134 176
135 176
138 176
140 176
143 176
144 176
147 176
150 176
153 176
154 176
156 176
158 176
167 176
168 176
171 176
172 176
173 176
174 176
1 177
3 177
9 177
13 177
14 177
16 177
17 177
20 177
31 177
34 177
35 177
40 177
41 177
42 177
43 177
49 177
50 177
57 177
59 177
61 177
64 177
65 177
67 177
68 177
70 177
71 177
72 177
73 177
74 177
75 177
76 177
78 177
88 177
89 177
90 177
93 177
95 177
97 177
101 177
103 177
106 177
107 177
113 177
114 177
116 177
118 177
119 177
126 177
128 177
130 177
137 177
139 177
145 177
146 177
148 177
149 177
151 177
159 177
160 177
163 177
165 177
166 177
170 177
175 177
1 178
2 178
3 178
9 178
13 178
14 178
16 178
17 178
19 178
20 178
26 178
27 178
28 178
30 178
31 178
34 178
35 178
37 178
41 178
42 178
43 178
50 178
54 178
57 178
59 178
61 178
64 178
65 178
67 178
68 178
71 178
72 178
73 178
75 178
76 178
78 178
80 178
82 178
83 178
86 178
88 178
89 178
90 178
93 178
97 178
103 178
106 178
107 178
113 178
114 178
116 178
118 178
119 178
120 178
122 178
123 178
128 178
137 178
142 178
145 178
146 178
148 178
149 178
151 178
152 178
155 178
159 178
160 178
163 178
165 178
166 178
170 178
175 178
177 178
2 179
4 179
6 179
7 179
10 179
11 179
12 179
18 179
19 179
21 179
26 179
27 179
28 179
29 179
30 179
32 179
37 179
38 179
39 179
44 179
45 179
46 179
47 179
48 179
54 179
55 179
56 179
58 179
62 179
63 179
66 179
82 179
83 179
85 179
86 179
87 179
94 179
98 179
104 179
105 179
108 179
109 179
110 179
115 179
117 179
120 179
122 179
123 179
124 179
125 179
131 179
132 179
133 179
134 179
135 179
138 179
140 179
142 179
143 179
144 179
147 179
150 179
152 179
153 179
154 179
155 179
156 179
158 179
167 179
168 179
172 179
173 179
174 179
176 179
1 180
2 180
3 180
4 180
9 180
10 180
12 180
13 180
14 180
19 180
26 180
27 180
28 180
29 180
30 180
31 180
32 180
34 180
35 180
37 180
41 180
43 180
46 180
50 180
54 180
57 180
59 180
61 180
64 180
68 180
72 180
73 180
76 180
78 180
80 180
82 180
83 180
86 180
88 180
89 180
90 180
93 180
94 180
97 180
106 180
110 180
113 180
114 180
115 180
116 180
117 180
118 180
120 180
122 180
123 180
125 180
132 180
135 180
137 180
140 180
142 180
146 180
148 180
151 180
152 180
153 180
155 180
156 180
158 180
159 180
163 180
165 180
166 180
170 180
175 180
177 180
178 180
0 181
5 181
8 181
15 181
22 181
24 181
25 181
36 181
51 181
69 181
77 181
79 181
92 181
99 181
100 181
102 181
112 181
121 181
129 181
141 181
171 181
1 182
3 182
9 182
13 182
14 182
16 182
17 182
20 182
31 182
33 182
34 182
35 182
40 182
41 182
42 182
43 182
49 182
50 182
52 182
57 182
59 182
61 182
64 182
65 182
67 182
68 182
70 182
71 182
72 182
73 182
74 182
75 182
76 182
78 182
88 182
89 182
90 182
93 182
95 182
97 182
101 182
103 182
106 182
107 182
113 182
114 182
116 182
118 182
119 182
126 182
128 182
130 182
137 182
139 182
145 182
146 182
148 182
149 182
151 182
159 182
160 182
164 182
165 182
166 182
170 182
175 182
177 182
178 182
180 182
1 183
3 183
9 183
13 183
14 183
16 183
17 183
20 183
31 183
34 183
35 183
40 183
41 183
42 183
43 183
49 183
50 183
57 183
59 183
61 183
64 183
65 183
67 183
68 183
70 183
71 183
72 183
73 183
74 183
75 183
76 183
78 183
88 183
89 183
90 183
93 183
95 183
97 183
101 183
103 183
106 183
107 183
113 183
114 183
116 183
118 183
119 183
126 183
128 183
130 183
137 183
139 183
145 183
146 183
148 183
149 183
151 183
159 183
160 183
163 183
165 183
166 183
170 183
175 183
177 183
178 183
180 183
182 183
1 184
3 184
14 184
16 184
17 184
20 184
23 184
33 184
34 184
35 184
40 184
42 184
49 184
50 184
52 184
57 184
59 184
64 184
65 184
67 184
70 184
71 184
74 184
75 184
78 184
81 184
84 184
88 184
91 184
95 184
97 184
101 184
103 184
107 184
111 184
114 184
119 184
126 184
128 184
130 184
136 184
139 184
145 184
149 184
157 184
160 184
161 184
162 184
164 184
165 184
175 184
177 184
182 184
183 184
16 185
17 185
20 185
23 185
33 185
40 185
42 185
49 185
52 185
53 185
60 185
70 185
71 185
74 185
75 185
81 185
84 185
91 185
95 185
101 185
111 185
119 185
126 185
128 185
130 185
136 185
139 185
145 185
149 185
157 185
160 185
161 185
162 185
164 185
184 185
1 186
3 186
14 186
16 186
17 186
20 186
23 186
33 186
34 186
40 186
42 186
49 186
50 186
52 186
57 186
59 186
64 186
65 186
67 186
70 186
71 186
74 186
75 186
78 186
81 186
84 186
88 186
91 186
95 186
97 186
101 186
103 186
107 186
111 186
114 186
119 186
126 186
128 186
130 186
136 186
139 186
145 186
149 186
157 186
160 186
161 186
162 186
164 186
175 186
177 186
182 186
183 186
184 186
185 186
1 187
3 187
9 187
13 187
14 187
16 187
17 187
20 187
28 187
30 187
31 187
34 187
35 187
40 187
41 187
42 187
43 187
50 187
57 187
59 187
61 187
64 187
65 187
67 187
68 187
70 187
71 187
72 187
73 187
74 187
75 187
76 187
78 187
80 187
82 187
88 187
89 187
90 187
93 187
95 187
97 187
101 187
103 187
106 187
107 187
113 187
114 187
116 187
118 187
119 187
126 187
128 187
130 187
137 187
145 187
146 187
148 187
149 187
151 187
159 187
160 187
163 187
165 187
166 187
170 187
175 187
177 187
178 187
180 187
182 187
183 187
184 187
186 187
0 188
5 188
8 188
15 188
22 188
24 188
25 188
36 188
39 188
48 188
51 188
69 188
77 188
79 188
92 188
99 188
100 188
102 188
105 188
112 188
121 188
129 188
141 188
171 188
181 188
1 189
2 189
3 189
4 189
9 189
12 189
13 189
14 189
16 189
17 189
19 189
20 189
26 189
27 189
28 189
29 189
30 189
31 189
34 189
35 189
37 189
41 189
43 189
46 189
50 189
54 189
57 189
59 189
61 189
64 189
65 189
67 189
68 189
72 189
73 189
75 189
76 189
78 189
80 189
82 189
83 189
86 189
88 189
89 189
90 189
93 189
97 189
103 189
106 189
107 189
113 189
114 189
116 189
118 189
120 189
122 189
123 189
125 189
128 189
132 189
137 189
142 189
145 189
146 189
148 189
151 189
152 189
153 189
155 189
159 189
163 189
165 189
166 189
170 189
175 189
177 189
178 189
180 189
182 189
183 189
187 189
0 190
5 190
6 190
7 190
10 190
11 190
15 190
18 190
21 190
22 190
25 190
36 190
38 190
39 190
44 190
45 190
47 190
48 190
55 190
56 190
58 190
62 190
63 190
66 190
79 190
85 190
87 190
92 190
98 190
99 190
100 190
102 190
104 190
105 190
108 190
109 190
112 190
115 190
124 190
129 190
131 190
133 190
134 190
135 190
138 190
143 190
144 190
147 190
150 190
154 190
158 190
167 190
168 190
171 190
172 190
173 190
174 190
176 190
179 190
0 191
5 191
6 191
7 191
10 191
11 191
15 191
18 191
21 191
22 191
25 191
36 191
38 191
39 191
44 191
45 191
47 191
48 191
55 191
56 191
58 191
62 191
63 191
66 191
79 191
85 191
87 191
92 191
98 191
99 191
100 191
102 191
104 191
105 191
108 191
109 191
112 191
115 191
124 191
129 191
131 191
133 191
134 191
135 191
138 191
140 191
143 191
144 191
147 191
150 191
154 191
158 191
167 191
168 191
171 191
172 191
173 191
174 191
176 191
179 191
190 191
3 192
16 192
17 192
20 192
23 192
33 192
40 192
42 192
49 192
52 192
53 192
59 192
60 192
65 192
67 192
70 192
71 192
74 192
75 192
81 192
84 192
91 192
95 192
97 192
101 192
103 192
107 192
111 192
119 192
126 192
128 192
130 192
136 192
139 192
145 192
149 192
157 192
160 192
161 192
162 192
164 192
182 192
184 192
185 192
186 192
0 193
5 193
6 193
7 193
11 193
15 193
18 193
21 193
22 193
25 193
36 193
38 193
39 193
44 193
45 193
47 193
48 193
55 193
56 193
58 193
62 193
63 193
66 193
79 193
85 193
87 193
92 193
98 193
99 193
100 193
102 193
104 193
105 193
108 193
109 193
112 193
115 193
124 193
129 193
131 193
133 193
134 193
135 193
138 193
143 193
144 193
147 193
150 193
154 193
158 193
167 193
168 193
171 193
172 193
173 193
174 193
176 193
179 193
190 193
191 193
2 194
4 194
6 194
9 194
10 194
12 194
13 194
19 194
21 194
26 194
27 194
28 194
29 194
30 194
31 194
32 194
34 194
35 194
37 194
38 194
41 194
43 194
44 194
45 194
46 194
50 194
54 194
57 194
61 194
64 194
66 194
68 194
72 194
73 194
76 194
78 194
80 194
82 194
83 194
86 194
88 194
89 194
90 194
93 194
94 194
98 194
106 194
109 194
110 194
113 194
114 194
115 194
116 194
117 194
118 194
120 194
122 194
123 194
125 194
132 194
135 194
137 194
140 194
142 194
146 194
147 194
148 194
150 194
151 194
152 194
153 194
154 194
155 194
156 194
158 194
159 194
163 194
165 194
166 194
167 194
170 194
172 194
173 194
175 194
178 194
180 194
187 194
189 194
1 195
3 195
9 195
14 195
16 195
17 195
20 195
23 195
31 195
33 195
34 195
35 195
40 195
42 195
43 195
49 195
50 195
52 195
57 195
59 195
64 195
65 195
67 195
70 195
71 195
74 195
75 195
78 195
81 195
84 195
88 195
89 195
91 195
95 195
97 195
101 195
103 195
107 195
111 195
114 195
118 195
119 195
126 195
128 195
130 195
137 195
139 195
145 195
149 195
151 195
160 195
161 195
162 195
164 195
165 195
170 195
175 195
177 195
178 195
182 195
183 195
184 195
185 195
186 195
187 195
192 195
2 196
4 196
6 196
7 196
10 196
11 196
12 196
18 196
19 196
21 196
26 196
27 196
28 196
29 196
30 196
32 196
37 196
38 196
44 196
45 196
46 196
47 196
54 196
55 196
56 196
58 196
62 196
63 196
66 196
80 196
82 196
83 196
85 196
86 196
87 196
94 196
98 196
104 196
108 196
109 196
110 196
115 196
117 196
120 196
122 196
123 196
124 196
125 196
131 196
132 196
133 196
134 196
135 196
138 196
140 196
142 196
143 196
144 196
147 196
150 196
152 196
153 196
154 196
155 196
156 196
158 196
163 196
167 196
168 196
172 196
173 196
174 196
176 196
179 196
190 196
191 196
193 196
194 196
53 197
60 197
96 197
127 197
0 198
8 198
15 198
22 198
24 198
25 198
51 198
69 198
77 198
79 198
92 198
100 198
121 198
129 198
141 198
171 198
181 198
188 198
2 199
4 199
6 199
7 199
10 199
11 199
12 199
18 199
19 199
21 199
26 199
27 199
29 199
32 199
37 199
38 199
39 199
44 199
45 199
46 199
47 199
48 199
54 199
55 199
56 199
58 199
62 199
63 199
66 199
83 199
85 199
86 199
87 199
94 199
98 199
104 199
105 199
108 199
109 199
110 199
115 199
117 199
120 199
122 199
123 199
124 199
125 199
131 199
132 199
133 199
134 199
135 199
138 199
140 199
142 199
143 199
144 199
147 199
150 199
152 199
153 199
154 199
155 199
156 199
158 199
167 199
168 199
172 199
173 199
174 199
176 199
179 199
190 199
191 199
193 199
196 199