norm 0.0 1.0 200
1 3
1 5
3 5
2 6
5 6
1 7
3 7
5 7
0 8
2 10
5 10
6 10
1 11
2 11
3 11
5 11
6 11
7 11
10 11
4 12
2 13
4 13
6 13
10 13
12 13
1 14
3 14
7 14
2 15
4 15
10 15
12 15
13 15
1 16
3 16
5 16
7 16
11 16
14 16
2 17
4 17
6 17
10 17
12 17
13 17
15 17
9 18
14 18
2 19
5 19
6 19
10 19
11 19
13 19
17 19
9 20
7 21
14 21
16 21
18 21
9 22
20 22
20 23
22 23
2 24
4 24
6 24
10 24
12 24
13 24
15 24
17 24
19 24
1 25
3 25
7 25
14 25
16 25
18 25
21 25
0 26
8 26
2 27
5 27
6 27
10 27
11 27
13 27
15 27
17 27
19 27
24 27
2 28
3 28
5 28
6 28
10 28
11 28
19 28
24 28
27 28
2 29
3 29
5 29
6 29
10 29
11 29
17 29
19 29
24 29
27 29
28 29
1 30
3 30
5 30
7 30
11 30
14 30
16 30
21 30
25 30
0 31
8 31
26 31
9 32
14 32
18 32
20 32
21 32
22 32
25 32
14 33
18 33
21 33
25 33
32 33
1 34
3 34
5 34
7 34
11 34
14 34
16 34
21 34
25 34
30 34
1 35
7 35
14 35
16 35
18 35
21 35
25 35
30 35
32 35
33 35
34 35
9 36
20 36
22 36
23 36
32 36
1 37
3 37
5 37
7 37
14 37
16 37
21 37
25 37
30 37
33 37
34 37
35 37
1 38
3 38
5 38
7 38
14 38
16 38
21 38
25 38
30 38
33 38
34 38
35 38
37 38
0 39
4 39
8 39
12 39
26 39
31 39
9 40
20 40
22 40
23 40
36 40
9 41
18 41
20 41
21 41
22 41
32 41
33 41
35 41
36 41
2 42
4 42
12 42
13 42
15 42
17 42
24 42
14 43
18 43
21 43
25 43
32 43
33 43
35 43
37 43
38 43
41 43
9 44
14 44
18 44
20 44
21 44
22 44
25 44
32 44
33 44
35 44
36 44
41 44
43 44
1 45
3 45
5 45
7 45
11 45
14 45
16 45
21 45
25 45
30 45
34 45
35 45
37 45
38 45
9 46
18 46
20 46
22 46
32 46
33 46
36 46
40 46
41 46
43 46
44 46
9 47
14 47
18 47
21 47
25 47
32 47
33 47
35 47
41 47
43 47
44 47
46 47
1 48
2 48
3 48
5 48
6 48
7 48
10 48
11 48
16 48
19 48
27 48
28 48
29 48
30 48
34 48
45 48
2 49
5 49
6 49
10 49
11 49
13 49
15 49
17 49
19 49
24 49
27 49
28 49
29 49
48 49
2 50
3 50
5 50
6 50
10 50
11 50
13 50
17 50
19 50
24 50
27 50
28 50
29 50
48 50
49 50
14 51
18 51
21 51
25 51
32 51
33 51
35 51
37 51
38 51
41 51
43 51
44 51
46 51
47 51
2 52
5 52
6 52
10 52
11 52
13 52
17 52
19 52
24 52
27 52
28 52
29 52
48 52
49 52
50 52
9 53
14 53
18 53
20 53
21 53
22 53
25 53
32 53
33 53
35 53
36 53
41 53
43 53
44 53
46 53
47 53
51 53
4 54
12 54
13 54
15 54
39 54
42 54
1 55
3 55
5 55
7 55
11 55
14 55
16 55
28 55
29 55
30 55
34 55
37 55
38 55
45 55
48 55
50 55
2 56
5 56
6 56
10 56
11 56
13 56
17 56
19 56
24 56
27 56
28 56
29 56
48 56
49 56
50 56
52 56
1 57
2 57
3 57
5 57
6 57
10 57
11 57
16 57
19 57
27 57
28 57
29 57
30 57
34 57
45 57
48 57
49 57
50 57
52 57
55 57
56 57
1 58
3 58
5 58
6 58
7 58
10 58
11 58
16 58
19 58
27 58
28 58
29 58
30 58
34 58
37 58
38 58
45 58
48 58
49 58
50 58
52 58
55 58
56 58
57 58
2 59
3 59
5 59
6 59
10 59
11 59
17 59
19 59
24 59
27 59
28 59
29 59
48 59
49 59
50 59
52 59
55 59
56 59
57 59
58 59
1 60
3 60
7 60
14 60
16 60
21 60
25 60
30 60
33 60
34 60
35 60
37 60
38 60
43 60
45 60
47 60
51 60
55 60
1 61
2 61
3 61
5 61
6 61
7 61
10 61
11 61
16 61
19 61
27 61
28 61
29 61
30 61
34 61
45 61
48 61
49 61
50 61
52 61
55 61
56 61
57 61
58 61
59 61
9 62
18 62
20 62
22 62
32 62
36 62
40 62
41 62
44 62
46 62
47 62
51 62
53 62
2 63
6 63
10 63
11 63
13 63
15 63
17 63
19 63
24 63
27 63
28 63
29 63
42 63
49 63
50 63
52 63
56 63
57 63
59 63
61 63
1 64
3 64
7 64
14 64
16 64
18 64
21 64
25 64
30 64
32 64
33 64
34 64
35 64
37 64
38 64
43 64
44 64
45 64
47 64
51 64
53 64
55 64
60 64
9 65
18 65
20 65
21 65
22 65
32 65
33 65
35 65
36 65
40 65
41 65
43 65
44 65
46 65
47 65
51 65
53 65
62 65
2 66
3 66
5 66
6 66
10 66
11 66
17 66
19 66
24 66
27 66
28 66
29 66
48 66
49 66
50 66
52 66
55 66
56 66
57 66
58 66
59 66
61 66
63 66
1 67
2 67
3 67
5 67
6 67
7 67
10 67
11 67
16 67
19 67
27 67
28 67
29 67
30 67
34 67
45 67
48 67
49 67
50 67
52 67
55 67
56 67
57 67
58 67
59 67
61 67
63 67
66 67
4 68
12 68
13 68
15 68
17 68
24 68
39 68
42 68
54 68
2 69
4 69
6 69
10 69
12 69
13 69
15 69
17 69
19 69
24 69
27 69
28 69
29 69
42 69
49 69
50 69
52 69
56 69
59 69
63 69
66 69
68 69
0 70
4 70
8 70
12 70
26 70
31 70
39 70
42 70
54 70
68 70
1 71
3 71
5 71
7 71
11 71
16 71
19 71
28 71
29 71
30 71
34 71
37 71
38 71
45 71
48 71
50 71
52 71
55 71
57 71
58 71
59 71
60 71
61 71
66 71
67 71
1 72
3 72
5 72
7 72
11 72
14 72
16 72
21 72
25 72
30 72
33 72
34 72
35 72
37 72
38 72
43 72
45 72
48 72
55 72
58 72
60 72
64 72
71 72
23 73
40 73
4 74
12 74
13 74
15 74
17 74
24 74
39 74
42 74
54 74
68 74
69 74
70 74
9 75
18 75
20 75
21 75
22 75
32 75
33 75
36 75
40 75
41 75
43 75
44 75
46 75
47 75
51 75
53 75
62 75
65 75
2 76
5 76
6 76
10 76
11 76
13 76
15 76
17 76
19 76
24 76
27 76
28 76
29 76
48 76
49 76
50 76
52 76
56 76
57 76
58 76
59 76
61 76
63 76
66 76
67 76
69 76
9 77
14 77
18 77
21 77
25 77
32 77
33 77
35 77
41 77
43 77
44 77
46 77
47 77
51 77
53 77
60 77
62 77
64 77
65 77
75 77
1 78
2 78
3 78
5 78
6 78
7 78
10 78
11 78
16 78
19 78
27 78
28 78
29 78
30 78
34 78
45 78
48 78
49 78
50 78
52 78
55 78
56 78
57 78
58 78
59 78
61 78
63 78
66 78
67 78
71 78
76 78
1 79
3 79
5 79
7 79
11 79
14 79
16 79
25 79
28 79
29 79
30 79
34 79
37 79
38 79
45 79
48 79
50 79
55 79
57 79
58 79
59 79
60 79
61 79
64 79
66 79
67 79
71 79
72 79
78 79
1 80
3 80
7 80
14 80
16 80
18 80
21 80
25 80
30 80
32 80
33 80
34 80
35 80
37 80
38 80
43 80
44 80
45 80
47 80
51 80
53 80
55 80
60 80
64 80
72 80
77 80
79 80
1 81
7 81
14 81
16 81
18 81
21 81
25 81
30 81
32 81
33 81
34 81
35 81
37 81
38 81
41 81
43 81
44 81
45 81
47 81
51 81
53 81
60 81
64 81
65 81
72 81
77 81
80 81
9 82
20 82
22 82
23 82
36 82
40 82
41 82
46 82
53 82
62 82
65 82
73 82
75 82
1 83
3 83
5 83
7 83
11 83
14 83
16 83
25 83
28 83
30 83
34 83
37 83
38 83
45 83
48 83
55 83
57 83
58 83
60 83
61 83
64 83
66 83
67 83
71 83
72 83
78 83
79 83
80 83
1 84
3 84
7 84
14 84
16 84
18 84
21 84
25 84
30 84
32 84
33 84
34 84
35 84
37 84
38 84
43 84
44 84
45 84
47 84
51 84
53 84
55 84
60 84
64 84
71 84
72 84
77 84
79 84
80 84
81 84
83 84
1 85
3 85
7 85
14 85
16 85
18 85
21 85
25 85
30 85
32 85
33 85
34 85
35 85
37 85
38 85
43 85
44 85
45 85
47 85
51 85
53 85
60 85
64 85
72 85
77 85
79 85
80 85
81 85
83 85
84 85
2 86
4 86
6 86
10 86
12 86
13 86
15 86
17 86
24 86
27 86
42 86
49 86
54 86
56 86
63 86
68 86
69 86
74 86
76 86
1 87
3 87
5 87
7 87
11 87
14 87
16 87
25 87
28 87
30 87
34 87
37 87
38 87
45 87
48 87
55 87
57 87
58 87
60 87
61 87
64 87
66 87
67 87
71 87
72 87
78 87
79 87
80 87
83 87
84 87
85 87
0 88
8 88
26 88
31 88
39 88
54 88
70 88
9 89
18 89
20 89
21 89
22 89
25 89
32 89
33 89
35 89
36 89
41 89
43 89
44 89
46 89
47 89
51 89
53 89
62 89
65 89
75 89
77 89
81 89
82 89
85 89
2 90
6 90
10 90
11 90
13 90
15 90
17 90
19 90
24 90
27 90
28 90
29 90
42 90
49 90
50 90
52 90
56 90
57 90
59 90
61 90
63 90
66 90
67 90
69 90
76 90
78 90
86 90
1 91
3 91
5 91
7 91
11 91
14 91
16 91
25 91
28 91
29 91
30 91
34 91
37 91
38 91
45 91
48 91
50 91
55 91
57 91
58 91
59 91
60 91
61 91
64 91
66 91
67 91
71 91
72 91
78 91
79 91
80 91
83 91
84 91
85 91
87 91
1 92
2 92
3 92
5 92
6 92
10 92
11 92
19 92
24 92
27 92
28 92
29 92
48 92
49 92
50 92
52 92
55 92
56 92
57 92
58 92
59 92
61 92
63 92
66 92
67 92
69 92
71 92
76 92
78 92
79 92
83 92
87 92
90 92
91 92
2 93
5 93
6 93
10 93
11 93
13 93
17 93
19 93
24 93
27 93
28 93
29 93
48 93
49 93
50 93
52 93
56 93
57 93
58 93
59 93
61 93
63 93
66 93
67 93
69 93
71 93
76 93
78 93
90 93
92 93
9 94
18 94
20 94
21 94
22 94
32 94
33 94
35 94
36 94
40 94
41 94
43 94
44 94
46 94
47 94
51 94
53 94
62 94
65 94
75 94
77 94
81 94
82 94
89 94
9 95
14 95
18 95
21 95
25 95
32 95
33 95
35 95
41 95
43 95
44 95
46 95
47 95
51 95
53 95
60 95
62 95
64 95
65 95
75 95
77 95
80 95
81 95
84 95
85 95
89 95
94 95
9 96
18 96
20 96
21 96
22 96
25 96
32 96
33 96
35 96
36 96
41 96
43 96
44 96
46 96
47 96
51 96
53 96
62 96
65 96
75 96
77 96
81 96
82 96
85 96
89 96
94 96
95 96
0 97
8 97
26 97
31 97
39 97
54 97
70 97
88 97
1 98
3 98
5 98
7 98
11 98
16 98
19 98
28 98
29 98
30 98
34 98
37 98
38 98
45 98
48 98
50 98
52 98
55 98
57 98
58 98
59 98
60 98
61 98
66 98
67 98
71 98
72 98
78 98
79 98
83 98
84 98
87 98
91 98
92 98
93 98
1 99
3 99
5 99
7 99
14 99
16 99
21 99
25 99
30 99
33 99
34 99
35 99
37 99
38 99
43 99
45 99
51 99
55 99
58 99
60 99
64 99
71 99
72 99
79 99
80 99
81 99
83 99
84 99
85 99
87 99
91 99
98 99
2 100
3 100
5 100
6 100
10 100
11 100
19 100
24 100
27 100
28 100
29 100
48 100
49 100
50 100
52 100
55 100
56 100
57 100
58 100
59 100
61 100
63 100
66 100
67 100
69 100
71 100
76 100
78 100
79 100
83 100
87 100
90 100
91 100
92 100
93 100
98 100
1 101
3 101
5 101
7 101
11 101
14 101
16 101
21 101
25 101
30 101
34 101
35 101
37 101
38 101
45 101
48 101
55 101
57 101
58 101
60 101
61 101
64 101
67 101
71 101
72 101
78 101
79 101
80 101
81 101
83 101
84 101
85 101
87 101
91 101
98 101
99 101
2 102
4 102
6 102
10 102
12 102
13 102
15 102
17 102
19 102
24 102
27 102
28 102
29 102
42 102
49 102
50 102
52 102
56 102
59 102
63 102
66 102
68 102
69 102
74 102
76 102
86 102
90 102
93 102
100 102
1 103
3 103
5 103
7 103
11 103
14 103
16 103
25 103
30 103
34 103
35 103
37 103
38 103
45 103
48 103
55 103
57 103
58 103
60 103
61 103
64 103
67 103
71 103
72 103
78 103
79 103
80 103
81 103
83 103
84 103
85 103
87 103
91 103
92 103
98 103
99 103
101 103
2 104
6 104
10 104
11 104
13 104
15 104
17 104
19 104
24 104
27 104
28 104
29 104
42 104
49 104
50 104
52 104
56 104
57 104
59 104
61 104
63 104
66 104
67 104
68 104
69 104
76 104
78 104
86 104
90 104
92 104
93 104
100 104
102 104
9 105
14 105
18 105
21 105
25 105
32 105
33 105
35 105
41 105
43 105
44 105
46 105
47 105
51 105
53 105
60 105
62 105
64 105
65 105
75 105
77 105
80 105
81 105
84 105
85 105
89 105
94 105
95 105
96 105
1 106
3 106
7 106
14 106
16 106
18 106
21 106
25 106
30 106
32 106
33 106
34 106
35 106
37 106
38 106
43 106
44 106
45 106
47 106
51 106
53 106
55 106
60 106
64 106
72 106
77 106
79 106
80 106
81 106
83 106
84 106
85 106
87 106
91 106
95 106
99 106
101 106
103 106
105 106
0 107
8 107
26 107
31 107
39 107
54 107
70 107
88 107
97 107
9 108
14 108
18 108
21 108
25 108
32 108
33 108
35 108
41 108
43 108
44 108
46 108
47 108
51 108
53 108
62 108
64 108
65 108
75 108
77 108
80 108
81 108
84 108
85 108
89 108
94 108
95 108
96 108
105 108
106 108
9 109
14 109
18 109
20 109
21 109
22 109
25 109
32 109
33 109
35 109
36 109
41 109
43 109
44 109
46 109
47 109
51 109
53 109
62 109
65 109
75 109
77 109
81 109
82 109
85 109
89 109
94 109
95 109
96 109
105 109
108 109
4 110
12 110
15 110
26 110
39 110
42 110
54 110
68 110
70 110
74 110
86 110
88 110
97 110
107 110
1 111
3 111
5 111
7 111
11 111
14 111
16 111
25 111
28 111
29 111
30 111
34 111
37 111
38 111
45 111
48 111
50 111
55 111
57 111
58 111
59 111
60 111
61 111
64 111
66 111
67 111
71 111
72 111
78 111
79 111
80 111
83 111
84 111
85 111
87 111
91 111
92 111
98 111
99 111
100 111
101 111
103 111
106 111
2 112
5 112
6 112
10 112
11 112
13 112
15 112
17 112
19 112
24 112
27 112
28 112
29 112
48 112
49 112
50 112
52 112
56 112
57 112
58 112
59 112
61 112
63 112
66 112
67 112
69 112
76 112
78 112
86 112
90 112
92 112
93 112
100 112
102 112
104 112
2 113
4 113
6 113
10 113
12 113
13 113
15 113
17 113
19 113
24 113
27 113
29 113
42 113
49 113
50 113
52 113
56 113
59 113
63 113
66 113
68 113
69 113
74 113
76 113
86 113
90 113
93 113
102 113
104 113
112 113
9 114
14 114
18 114
20 114
21 114
22 114
25 114
32 114
33 114
35 114
36 114
41 114
43 114
44 114
46 114
47 114
51 114
53 114
62 114
65 114
75 114
77 114
81 114
82 114
85 114
89 114
94 114
95 114
96 114
105 114
108 114
109 114
1 115
3 115
5 115
7 115
11 115
14 115
16 115
25 115
30 115
34 115
35 115
37 115
38 115
45 115
48 115
55 115
57 115
58 115
60 115
61 115
64 115
67 115
71 115
72 115
78 115
79 115
80 115
81 115
83 115
84 115
85 115
87 115
91 115
92 115
98 115
99 115
101 115
103 115
106 115
111 115
0 116
8 116
26 116
31 116
88 116
97 116
107 116
2 117
5 117
6 117
10 117
11 117
13 117
15 117
17 117
19 117
24 117
27 117
28 117
29 117
48 117
49 117
50 117
52 117
56 117
57 117
58 117
59 117
61 117
63 117
66 117
67 117
69 117
76 117
78 117
86 117
90 117
92 117
93 117
100 117
102 117
104 117
112 117
113 117
9 118
20 118
22 118
23 118
36 118
40 118
41 118
46 118
62 118
65 118
73 118
75 118
82 118
94 118
1 119
3 119
5 119
6 119
7 119
10 119
11 119
16 119
19 119
27 119
28 119
29 119
30 119
34 119
37 119
38 119
45 119
48 119
49 119
50 119
52 119
55 119
56 119
57 119
58 119
59 119
60 119
61 119
66 119
67 119
71 119
72 119
78 119
79 119
83 119
87 119
91 119
92 119
93 119
98 119
99 119
100 119
101 119
103 119
111 119
112 119
115 119
117 119
9 120
18 120
20 120
22 120
32 120
36 120
40 120
41 120
44 120
46 120
47 120
53 120
62 120
65 120
75 120
77 120
82 120
89 120
94 120
95 120
96 120
105 120
108 120
109 120
114 120
118 120
1 121
3 121
7 121
14 121
16 121
21 121
25 121
30 121
33 121
34 121
35 121
37 121
38 121
43 121
45 121
51 121
55 121
60 121
64 121
71 121
72 121
79 121
80 121
81 121
83 121
84 121
85 121
87 121
91 121
95 121
98 121
99 121
101 121
103 121
106 121
111 121
115 121
119 121
2 122
5 122
6 122
10 122
11 122
13 122
15 122
17 122
19 122
24 122
27 122
28 122
29 122
42 122
48 122
49 122
50 122
52 122
56 122
57 122
59 122
61 122
63 122
66 122
67 122
69 122
76 122
78 122
86 122
90 122
92 122
93 122
100 122
102 122
104 122
112 122
113 122
117 122
9 124
20 124
22 124
23 124
36 124
40 124
46 124
62 124
73 124
82 124
118 124
120 124
1 125
3 125
5 125
7 125
11 125
14 125
16 125
21 125
25 125
30 125
34 125
35 125
37 125
38 125
45 125
48 125
55 125
57 125
58 125
60 125
61 125
64 125
67 125
71 125
72 125
78 125
79 125
80 125
81 125
83 125
84 125
85 125
87 125
91 125
98 125
99 125
101 125
103 125
106 125
111 125
115 125
119 125
121 125
1 126
3 126
7 126
14 126
16 126
21 126
25 126
30 126
33 126
34 126
35 126
37 126
38 126
43 126
45 126
47 126
51 126
55 126
60 126
64 126
71 126
72 126
77 126
79 126
80 126
81 126
83 126
84 126
85 126
87 126
91 126
95 126
98 126
99 126
101 126
103 126
105 126
106 126
111 126
115 126
119 126
121 126
125 126
23 127
40 127
73 127
118 127
124 127
9 128
18 128
20 128
21 128
22 128
25 128
32 128
33 128
35 128
36 128
41 128
43 128
44 128
46 128
47 128
51 128
53 128
62 128
65 128
75 128
77 128
81 128
82 128
85 128
89 128
94 128
95 128
96 128
105 128
108 128
109 128
114 128
120 128
9 129
14 129
18 129
20 129
21 129
22 129
25 129
32 129
33 129
35 129
36 129
41 129
43 129
44 129
46 129
47 129
51 129
53 129
62 129
64 129
65 129
75 129
77 129
80 129
81 129
84 129
85 129
89 129
94 129
95 129
96 129
105 129
106 129
108 129
109 129
114 129
120 129
128 129
9 130
20 130
22 130
23 130
36 130
40 130
46 130
62 130
65 130
73 130
75 130
82 130
94 130
118 130
120 130
124 130
127 130
9 131
18 131
20 131
22 131
32 131
36 131
40 131
41 131
44 131
46 131
47 131
53 131
62 131
65 131
75 131
77 131
82 131
89 131
94 131
95 131
96 131
105 131
108 131
109 131
114 131
118 131
120 131
124 131
128 131
129 131
130 131
0 132
8 132
26 132
31 132
39 132
54 132
70 132
88 132
97 132
107 132
110 132
116 132
1 133
3 133
5 133
6 133
7 133
11 133
16 133
19 133
28 133
29 133
30 133
34 133
37 133
38 133
45 133
48 133
50 133
52 133
55 133
56 133
57 133
58 133
59 133
60 133
61 133
66 133
67 133
71 133
72 133
78 133
79 133
83 133
87 133
91 133
92 133
93 133
98 133
99 133
100 133
101 133
103 133
111 133
115 133
119 133
121 133
125 133
126 133
2 134
4 134
6 134
10 134
12 134
13 134
15 134
17 134
19 134
24 134
27 134
28 134
29 134
42 134
49 134
50 134
52 134
56 134
57 134
59 134
61 134
63 134
66 134
67 134
68 134
69 134
74 134
76 134
78 134
86 134
90 134
92 134
93 134
100 134
102 134
104 134
112 134
113 134
117 134
122 134
9 135
18 135
20 135
22 135
32 135
36 135
40 135
41 135
44 135
46 135
47 135
51 135
53 135
62 135
65 135
75 135
77 135
82 135
89 135
94 135
95 135
96 135
105 135
108 135
109 135
114 135
118 135
120 135
124 135
128 135
129 135
130 135
131 135
9 136
14 136
18 136
21 136
25 136
32 136
33 136
35 136
41 136
43 136
44 136
46 136
47 136
51 136
53 136
60 136
62 136
64 136
65 136
75 136
77 136
80 136
81 136
84 136
85 136
89 136
94 136
95 136
96 136
105 136
106 136
108 136
109 136
114 136
120 136
126 136
128 136
129 136
131 136
135 136
9 137
18 137
20 137
21 137
22 137
25 137
32 137
33 137
35 137
36 137
41 137
43 137
44 137
46 137
47 137
51 137
53 137
62 137
65 137
75 137
77 137
81 137
82 137
85 137
89 137
94 137
95 137
96 137
105 137
108 137
109 137
114 137
120 137
128 137
129 137
131 137
135 137
136 137
2 138
4 138
10 138
12 138
13 138
15 138
17 138
24 138
27 138
42 138
54 138
63 138
68 138
69 138
74 138
76 138
86 138
90 138
102 138
104 138
110 138
112 138
113 138
117 138
122 138
134 138
1 139
7 139
14 139
16 139
18 139
21 139
25 139
30 139
32 139
33 139
34 139
35 139
37 139
38 139
41 139
43 139
44 139
45 139
47 139
51 139
53 139
60 139
64 139
72 139
77 139
80 139
81 139
84 139
85 139
87 139
89 139
95 139
96 139
99 139
101 139
103 139
105 139
106 139
108 139
109 139
114 139
115 139
121 139
125 139
126 139
128 139
129 139
136 139
137 139
1 140
3 140
5 140
6 140
7 140
10 140
11 140
16 140
19 140
27 140
28 140
29 140
30 140
34 140
37 140
38 140
45 140
48 140
49 140
50 140
52 140
55 140
56 140
57 140
58 140
59 140
61 140
66 140
67 140
71 140
72 140
76 140
78 140
79 140
83 140
87 140
91 140
92 140
93 140
98 140
99 140
100 140
101 140
103 140
111 140
112 140
115 140
117 140
119 140
121 140
125 140
133 140
1 141
3 141
5 141
7 141
11 141
14 141
16 141
21 141
25 141
30 141
33 141
34 141
35 141
37 141
38 141
43 141
45 141
48 141
55 141
58 141
60 141
64 141
71 141
72 141
79 141
80 141
81 141
83 141
84 141
85 141
87 141
91 141
98 141
99 141
101 141
103 141
106 141
111 141
115 141
119 141
121 141
125 141
126 141
133 141
139 141
140 141
2 142
4 142
6 142
10 142
12 142
13 142
15 142
17 142
19 142
24 142
27 142
42 142
49 142
52 142
54 142
56 142
63 142
68 142
69 142
74 142
76 142
86 142
90 142
93 142
102 142
104 142
112 142
113 142
117 142
122 142
134 142
138 142
2 143
4 143
12 143
13 143
15 143
17 143
24 143
42 143
54 143
63 143
68 143
69 143
74 143
86 143
90 143
102 143
104 143
110 143
113 143
122 143
134 143
138 143
142 143
1 144
7 144
14 144
16 144
18 144
21 144
25 144
30 144
32 144
33 144
34 144
35 144
37 144
38 144
41 144
43 144
44 144
45 144
47 144
51 144
53 144
60 144
64 144
72 144
77 144
80 144
81 144
84 144
85 144
87 144
89 144
95 144
96 144
99 144
101 144
103 144
105 144
106 144
108 144
109 144
114 144
115 144
121 144
125 144
126 144
128 144
129 144
136 144
137 144
139 144
141 144
2 145
5 145
6 145
10 145
11 145
13 145
17 145
19 145
24 145
27 145
28 145
29 145
48 145
49 145
50 145
52 145
55 145
56 145
57 145
58 145
59 145
61 145
63 145
66 145
67 145
69 145
71 145
76 145
78 145
90 145
92 145
93 145
98 145
100 145
102 145
104 145
112 145
113 145
117 145
119 145
122 145
133 145
134 145
140 145
9 146
14 146
18 146
20 146
21 146
22 146
25 146
32 146
33 146
35 146
36 146
41 146
43 146
44 146
46 146
47 146
51 146
53 146
62 146
65 146
75 146
77 146
81 146
82 146
85 146
89 146
94 146
95 146
96 146
105 146
108 146
109 146
114 146
120 146
128 146
129 146
131 146
135 146
136 146
137 146
139 146
144 146
9 147
18 147
20 147
21 147
22 147
32 147
33 147
35 147
36 147
41 147
43 147
44 147
46 147
47 147
51 147
53 147
62 147
65 147
75 147
77 147
81 147
82 147
89 147
94 147
95 147
96 147
105 147
108 147
109 147
114 147
118 147
120 147
128 147
129 147
131 147
135 147
136 147
137 147
139 147
144 147
146 147
23 148
73 148
123 148
127 148
1 149
3 149
5 149
7 149
14 149
16 149
21 149
25 149
30 149
33 149
34 149
35 149
37 149
38 149
43 149
45 149
48 149
51 149
55 149
58 149
60 149
64 149
71 149
72 149
79 149
80 149
81 149
83 149
84 149
85 149
87 149
91 149
98 149
99 149
101 149
103 149
106 149
111 149
115 149
119 149
121 149
125 149
126 149
133 149
139 149
140 149
141 149
144 149
2 150
4 150
10 150
12 150
13 150
15 150
17 150
24 150
27 150
42 150
49 150
54 150
63 150
68 150
69 150
74 150
76 150
86 150
90 150
102 150
104 150
110 150
112 150
113 150
117 150
122 150
134 150
138 150
142 150
143 150
2 151
4 151
10 151
12 151
13 151
15 151
17 151
24 151
27 151
42 151
49 151
54 151
63 151
68 151
69 151
74 151
76 151
86 151
90 151
102 151
104 151
110 151
112 151
113 151
117 151
122 151
134 151
138 151
142 151
143 151
150 151
1 152
3 152
5 152
6 152
7 152
11 152
16 152
19 152
28 152
29 152
30 152
34 152
37 152
38 152
45 152
48 152
49 152
50 152
52 152
55 152
56 152
57 152
58 152
59 152
60 152
61 152
66 152
67 152
71 152
72 152
78 152
79 152
83 152
87 152
91 152
92 152
93 152
98 152
99 152
100 152
101 152
103 152
111 152
112 152
115 152
119 152
121 152
125 152
126 152
133 152
140 152
141 152
145 152
149 152
7 153
14 153
18 153
21 153
25 153
32 153
33 153
35 153
37 153
38 153
41 153
43 153
44 153
46 153
47 153
51 153
53 153
60 153
64 153
65 153
72 153
75 153
77 153
80 153
81 153
84 153
85 153
89 153
94 153
95 153
96 153
99 153
105 153
106 153
108 153
109 153
114 153
121 153
125 153
126 153
128 153
129 153
136 153
137 153
139 153
141 153
144 153
146 153
147 153
149 153
9 154
18 154
20 154
21 154
22 154
32 154
33 154
35 154
36 154
40 154
41 154
43 154
44 154
46 154
47 154
51 154
53 154
62 154
65 154
75 154
77 154
81 154
82 154
89 154
94 154
95 154
96 154
105 154
108 154
109 154
114 154
118 154
120 154
128 154
129 154
131 154
135 154
136 154
137 154
146 154
147 154
153 154
9 155
14 155
18 155
20 155
21 155
22 155
25 155
32 155
33 155
35 155
36 155
41 155
43 155
44 155
46 155
47 155
51 155
53 155
62 155
64 155
65 155
75 155
77 155
81 155
82 155
85 155
89 155
94 155
95 155
96 155
105 155
106 155
108 155
109 155
114 155
120 155
128 155
129 155
131 155
135 155
136 155
137 155
139 155
144 155
146 155
147 155
153 155
154 155
9 156
20 156
22 156
23 156
36 156
40 156
73 156
82 156
118 156
120 156
124 156
127 156
130 156
131 156
20 157
22 157
23 157
36 157
40 157
73 157
82 157
118 157
124 157
127 157
130 157
156 157
2 158
4 158
10 158
12 158
13 158
15 158
17 158
24 158
27 158
42 158
54 158
63 158
68 158
69 158
74 158
76 158
86 158
90 158
102 158
104 158
110 158
113 158
117 158
122 158
134 158
138 158
142 158
143 158
150 158
151 158
1 159
2 159
3 159
5 159
6 159
7 159
10 159
11 159
16 159
19 159
27 159
28 159
29 159
30 159
34 159
45 159
48 159
49 159
50 159
52 159
55 159
56 159
57 159
58 159
59 159
61 159
66 159
67 159
71 159
72 159
76 159
78 159
79 159
83 159
87 159
91 159
92 159
93 159
98 159
100 159
101 159
103 159
111 159
112 159
115 159
117 159
119 159
122 159
125 159
133 159
140 159
141 159
145 159
149 159
152 159
1 160
7 160
14 160
16 160
18 160
21 160
25 160
30 160
32 160
33 160
34 160
35 160
37 160
38 160
43 160
44 160
45 160
47 160
51 160
53 160
60 160
64 160
72 160
77 160
80 160
81 160
84 160
85 160
87 160
89 160
95 160
96 160
99 160
101 160
103 160
105 160
106 160
108 160
109 160
114 160
115 160
121 160
125 160
126 160
128 160
129 160
136 160
137 160
139 160
141 160
144 160
146 160
147 160
149 160
153 160
155 160
2 161
4 161
6 161
10 161
12 161
13 161
15 161
17 161
19 161
24 161
27 161
28 161
29 161
42 161
49 161
50 161
52 161
56 161
57 161
59 161
61 161
63 161
66 161
67 161
68 161
69 161
74 161
76 161
78 161
86 161
90 161
92 161
93 161
100 161
102 161
104 161
112 161
113 161
117 161
122 161
134 161
138 161
142 161
143 161
145 161
150 161
151 161
158 161
2 162
5 162
6 162
10 162
11 162
13 162
17 162
19 162
24 162
27 162
28 162
29 162
48 162
49 162
50 162
52 162
56 162
57 162
58 162
59 162
61 162
63 162
66 162
67 162
69 162
76 162
78 162
86 162
90 162
92 162
93 162
100 162
102 162
104 162
112 162
113 162
117 162
119 162
122 162
133 162
134 162
140 162
142 162
145 162
151 162
152 162
159 162
161 162
1 163
7 163
14 163
16 163
18 163
21 163
25 163
30 163
32 163
33 163
34 163
35 163
37 163
38 163
41 163
43 163
44 163
45 163
47 163
51 163
53 163
60 163
64 163
72 163
77 163
80 163
81 163
84 163
85 163
89 163
95 163
96 163
99 163
101 163
103 163
105 163
106 163
108 163
109 163
114 163
115 163
121 163
125 163
126 163
128 163
129 163
136 163
137 163
139 163
141 163
144 163
146 163
147 163
149 163
153 163
154 163
155 163
160 163
2 164
3 164
5 164
6 164
10 164
11 164
17 164
19 164
24 164
27 164
28 164
29 164
48 164
49 164
50 164
52 164
55 164
56 164
57 164
58 164
59 164
61 164
63 164
66 164
67 164
69 164
71 164
76 164
78 164
79 164
83 164
90 164
91 164
92 164
93 164
98 164
100 164
102 164
104 164
111 164
112 164
113 164
117 164
119 164
122 164
133 164
134 164
140 164
145 164
152 164
159 164
161 164
162 164
20 165
22 165
23 165
36 165
40 165
73 165
82 165
118 165
124 165
127 165
130 165
148 165
156 165
157 165
20 166
22 166
23 166
36 166
40 166
73 166
82 166
118 166
124 166
127 166
130 166
148 166
156 166
157 166
165 166
9 167
18 167
20 167
22 167
32 167
33 167
36 167
40 167
41 167
43 167
44 167
46 167
47 167
51 167
53 167
62 167
65 167
75 167
77 167
82 167
89 167
94 167
95 167
96 167
105 167
108 167
109 167
114 167
118 167
120 167
124 167
128 167
129 167
130 167
131 167
135 167
136 167
137 167
146 167
147 167
154 167
155 167
1 168
3 168
7 168
14 168
16 168
21 168
25 168
30 168
33 168
34 168
35 168
37 168
38 168
43 168
45 168
51 168
55 168
60 168
64 168
71 168
72 168
79 168
80 168
81 168
83 168
84 168
85 168
87 168
91 168
95 168
98 168
99 168
101 168
103 168
106 168
111 168
115 168
119 168
121 168
125 168
126 168
133 168
136 168
139 168
141 168
144 168
149 168
152 168
153 168
160 168
163 168
14 169
18 169
21 169
25 169
32 169
33 169
35 169
41 169
43 169
44 169
46 169
47 169
51 169
53 169
60 169
62 169
64 169
65 169
75 169
77 169
80 169
81 169
84 169
85 169
89 169
94 169
95 169
96 169
105 169
106 169
108 169
109 169
114 169
120 169
121 169
126 169
128 169
129 169
131 169
135 169
136 169
137 169
139 169
144 169
146 169
147 169
153 169
154 169
155 169
160 169
163 169
167 169
168 169
1 170
3 170
5 170
7 170
11 170
14 170
16 170
28 170
29 170
30 170
34 170
37 170
38 170
45 170
48 170
50 170
55 170
57 170
58 170
59 170
60 170
61 170
64 170
66 170
67 170
71 170
72 170
78 170
79 170
80 170
83 170
84 170
87 170
91 170
92 170
98 170
99 170
100 170
101 170
103 170
106 170
111 170
115 170
119 170
121 170
125 170
126 170
133 170
140 170
141 170
145 170
149 170
152 170
159 170
164 170
168 170
1 171
2 171
3 171
5 171
6 171
7 171
10 171
11 171
16 171
19 171
27 171
28 171
29 171
30 171
34 171
45 171
48 171
49 171
50 171
52 171
55 171
56 171
57 171
58 171
59 171
61 171
63 171
66 171
67 171
71 171
72 171
76 171
78 171
79 171
83 171
87 171
90 171
91 171
92 171
93 171
98 171
100 171
101 171
103 171
111 171
112 171
115 171
117 171
119 171
122 171
125 171
133 171
140 171
141 171
145 171
152 171
159 171
162 171
164 171
170 171
1 172
7 172
14 172
16 172
18 172
21 172
25 172
30 172
32 172
33 172
34 172
35 172
37 172
38 172
43 172
44 172
45 172
47 172
51 172
53 172
60 172
64 172
72 172
77 172
80 172
81 172
84 172
85 172
87 172
89 172
95 172
96 172
99 172
101 172
103 172
105 172
106 172
108 172
109 172
114 172
115 172
121 172
125 172
126 172
128 172
129 172
136 172
137 172
139 172
141 172
144 172
146 172
147 172
149 172
153 172
155 172
160 172
163 172
168 172
169 172
1 173
3 173
5 173
7 173
11 173
14 173
16 173
25 173
28 173
30 173
34 173
37 173
38 173
45 173
48 173
55 173
57 173
58 173
60 173
61 173
64 173
66 173
67 173
71 173
72 173
78 173
79 173
80 173
83 173
84 173
85 173
87 173
91 173
92 173
98 173
99 173
100 173
101 173
103 173
106 173
111 173
115 173
119 173
121 173
125 173
126 173
133 173
139 173
140 173
141 173
144 173
149 173
152 173
159 173
160 173
163 173
168 173
170 173
171 173
172 173
9 174
14 174
18 174
20 174
21 174
22 174
25 174
32 174
33 174
35 174
36 174
41 174
43 174
44 174
46 174
47 174
51 174
53 174
62 174
64 174
65 174
75 174
77 174
80 174
81 174
82 174
85 174
89 174
94 174
95 174
96 174
105 174
106 174
108 174
109 174
114 174
120 174
128 174
129 174
131 174
135 174
136 174
137 174
139 174
144 174
146 174
147 174
153 174
154 174
155 174
160 174
163 174
167 174
169 174
172 174
2 175
5 175
6 175
10 175
11 175
13 175
15 175
17 175
19 175
24 175
27 175
28 175
29 175
48 175
49 175
50 175
52 175
56 175
57 175
58 175
59 175
61 175
63 175
66 175
67 175
69 175
76 175
78 175
86 175
90 175
92 175
93 175
100 175
102 175
104 175
112 175
113 175
117 175
119 175
122 175
134 175
138 175
140 175
142 175
145 175
150 175
151 175
158 175
159 175
161 175
162 175
164 175
171 175
4 176
12 176
15 176
39 176
42 176
54 176
68 176
70 176
74 176
86 176
88 176
97 176
107 176
110 176
132 176
138 176
142 176
143 176
150 176
151 176
158 176
9 177
18 177
20 177
21 177
22 177
32 177
33 177
36 177
40 177
41 177
43 177
44 177
46 177
47 177
51 177
53 177
62 177
65 177
75 177
77 177
82 177
89 177
94 177
95 177
96 177
105 177
108 177
109 177
114 177
118 177
120 177
124 177
128 177
129 177
130 177
131 177
135 177
136 177
137 177
146 177
147 177
153 177
154 177
155 177
167 177
169 177
174 177
4 178
12 178
13 178
15 178
17 178
24 178
39 178
42 178
54 178
68 178
69 178
70 178
74 178
86 178
102 178
110 178
113 178
138 178
142 178
143 178
150 178
151 178
158 178
176 178
1 179
3 179
5 179
6 179
7 179
10 179
11 179
16 179
19 179
27 179
28 179
29 179
30 179
34 179
37 179
38 179
45 179
48 179
49 179
50 179
52 179
55 179
56 179
57 179
58 179
59 179
61 179
66 179
67 179
71 179
72 179
76 179
78 179
79 179
83 179
87 179
91 179
92 179
93 179
98 179
99 179
100 179
101 179
103 179
111 179
112 179
115 179
117 179
119 179
121 179
125 179
133 179
140 179
141 179
145 179
149 179
152 179
159 179
162 179
164 179
170 179
171 179
173 179
175 179
1 180
2 180
3 180
5 180
6 180
10 180
11 180
19 180
27 180
28 180
29 180
48 180
49 180
50 180
52 180
55 180
56 180
57 180
58 180
59 180
61 180
63 180
66 180
67 180
69 180
71 180
76 180
78 180
79 180
83 180
87 180
90 180
91 180
92 180
93 180
98 180
100 180
103 180
104 180
111 180
112 180
115 180
117 180
119 180
122 180
133 180
134 180
140 180
145 180
152 180
159 180
161 180
162 180
164 180
170 180
171 180
173 180
175 180
179 180
9 181
20 181
22 181
23 181
36 181
40 181
46 181
62 181
73 181
82 181
118 181
120 181
124 181
127 181
130 181
131 181
135 181
156 181
157 181
165 181
166 181
167 181
7 182
14 182
16 182
18 182
21 182
25 182
30 182
32 182
33 182
34 182
35 182
37 182
38 182
41 182
43 182
44 182
45 182
46 182
47 182
51 182
53 182
60 182
64 182
65 182
72 182
75 182
77 182
80 182
81 182
84 182
85 182
89 182
94 182
95 182
96 182
99 182
101 182
105 182
106 182
108 182
109 182
114 182
121 182
125 182
126 182
128 182
129 182
136 182
137 182
139 182
141 182
144 182
146 182
147 182
149 182
153 182
154 182
155 182
160 182
163 182
168 182
169 182
172 182
174 182
177 182
2 183
6 183
10 183
11 183
13 183
15 183
17 183
19 183
24 183
27 183
28 183
29 183
42 183
48 183
49 183
50 183
52 183
56 183
57 183
59 183
61 183
63 183
66 183
67 183
69 183
76 183
78 183
86 183
90 183
92 183
93 183
100 183
102 183
104 183
112 183
113 183
117 183
122 183
134 183
138 183
142 183
143 183
145 183
150 183
151 183
158 183
159 183
161 183
162 183
164 183
171 183
175 183
180 183
1 184
2 184
3 184
5 184
6 184
10 184
11 184
19 184
24 184
27 184
28 184
29 184
48 184
49 184
50 184
52 184
55 184
56 184
57 184
58 184
59 184
61 184
63 184
66 184
67 184
69 184
71 184
76 184
78 184
79 184
83 184
87 184
90 184
91 184
92 184
93 184
98 184
100 184
103 184
104 184
111 184
112 184
115 184
117 184
119 184
122 184
133 184
134 184
140 184
145 184
152 184
159 184
161 184
162 184
164 184
170 184
171 184
173 184
175 184
179 184
180 184
183 184
1 185
2 185
3 185
5 185
6 185
7 185
10 185
11 185
16 185
19 185
27 185
28 185
29 185
30 185
34 185
45 185
48 185
49 185
50 185
52 185
55 185
56 185
57 185
58 185
59 185
61 185
63 185
66 185
67 185
71 185
72 185
76 185
78 185
79 185
83 185
87 185
90 185
91 185
92 185
93 185
98 185
100 185
101 185
103 185
104 185
111 185
112 185
115 185
117 185
119 185
122 185
125 185
133 185
140 185
141 185
145 185
152 185
159 185
162 185
164 185
170 185
171 185
173 185
175 185
179 185
180 185
183 185
184 185
2 186
4 186
6 186
10 186
12 186
13 186
15 186
17 186
19 186
24 186
27 186
28 186
29 186
42 186
49 186
50 186
52 186
56 186
57 186
59 186
61 186
63 186
66 186
67 186
68 186
69 186
74 186
76 186
78 186
86 186
90 186
92 186
93 186
100 186
102 186
104 186
112 186
113 186
117 186
122 186
134 186
138 186
142 186
143 186
145 186
150 186
151 186
158 186
161 186
162 186
164 186
175 186
180 186
183 186
184 186
1 187
3 187
7 187
14 187
16 187
18 187
21 187
25 187
30 187
33 187
34 187
35 187
37 187
38 187
43 187
45 187
47 187
51 187
55 187
60 187
64 187
71 187
72 187
77 187
79 187
80 187
81 187
83 187
84 187
85 187
87 187
91 187
95 187
98 187
99 187
101 187
103 187
105 187
106 187
111 187
115 187
121 187
125 187
126 187
133 187
136 187
139 187
141 187
144 187
149 187
152 187
153 187
160 187
163 187
168 187
169 187
170 187
172 187
173 187
182 187
9 188
18 188
20 188
22 188
32 188
36 188
40 188
41 188
44 188
46 188
47 188
51 188
53 188
62 188
65 188
75 188
77 188
82 188
89 188
94 188
95 188
96 188
105 188
108 188
109 188
114 188
118 188
120 188
124 188
128 188
129 188
130 188
131 188
135 188
136 188
137 188
146 188
147 188
154 188
155 188
167 188
169 188
174 188
177 188
181 188
2 189
5 189
6 189
10 189
11 189
13 189
17 189
19 189
24 189
27 189
28 189
29 189
48 189
49 189
50 189
52 189
56 189
57 189
58 189
59 189
61 189
63 189
66 189
67 189
69 189
76 189
78 189
86 189
90 189
92 189
93 189
100 189
102 189
104 189
112 189
113 189
117 189
119 189
122 189
133 189
134 189
140 189
142 189
145 189
152 189
159 189
161 189
162 189
164 189
171 189
175 189
179 189
180 189
183 189
184 189
185 189
186 189
9 190
18 190
20 190
22 190
32 190
36 190
40 190
41 190
44 190
46 190
53 190
62 190
65 190
75 190
82 190
89 190
94 190
96 190
108 190
109 190
114 190
118 190
120 190
124 190
128 190
129 190
130 190
131 190
135 190
137 190
146 190
147 190
154 190
155 190
156 190
157 190
165 190
166 190
167 190
174 190
177 190
181 190
188 190
7 191
14 191
16 191
18 191
21 191
25 191
30 191
32 191
33 191
34 191
35 191
37 191
38 191
41 191
43 191
44 191
45 191
46 191
47 191
51 191
53 191
60 191
64 191
65 191
72 191
75 191
77 191
80 191
81 191
84 191
85 191
89 191
94 191
95 191
96 191
99 191
101 191
105 191
106 191
108 191
109 191
114 191
121 191
125 191
126 191
128 191
129 191
136 191
137 191
139 191
141 191
144 191
146 191
147 191
149 191
153 191
154 191
155 191
160 191
163 191
168 191
169 191
172 191
174 191
177 191
182 191
187 191
23 192
73 192
127 192
148 192
156 192
157 192
165 192
166 192
2 193
5 193
6 193
10 193
11 193
13 193
15 193
17 193
19 193
24 193
27 193
28 193
29 193
48 193
49 193
50 193
52 193
56 193
57 193
58 193
59 193
61 193
63 193
66 193
67 193
69 193
76 193
78 193
86 193
90 193
92 193
93 193
100 193
102 193
104 193
112 193
113 193
117 193
122 193
134 193
138 193
140 193
142 193
145 193
150 193
151 193
158 193
159 193
161 193
162 193
164 193
171 193
175 193
179 193
180 193
183 193
184 193
185 193
186 193
189 193
1 194
3 194
5 194
7 194
11 194
14 194
16 194
21 194
25 194
30 194
34 194
35 194
37 194
38 194
45 194
48 194
55 194
57 194
58 194
60 194
61 194
64 194
67 194
71 194
72 194
78 194
79 194
80 194
81 194
83 194
84 194
85 194
87 194
91 194
98 194
99 194
101 194
103 194
106 194
111 194
115 194
119 194
121 194
125 194
126 194
133 194
139 194
140 194
141 194
144 194
149 194
152 194
159 194
160 194
163 194
168 194
170 194
171 194
172 194
173 194
179 194
182 194
185 194
187 194
191 194
1 195
3 195
5 195
7 195
14 195
16 195
21 195
25 195
30 195
33 195
34 195
35 195
37 195
38 195
43 195
45 195
48 195
55 195
58 195
60 195
64 195
71 195
72 195
79 195
80 195
81 195
83 195
84 195
85 195
87 195
91 195
98 195
99 195
101 195
103 195
106 195
111 195
115 195
119 195
121 195
125 195
126 195
133 195
139 195
140 195
141 195
144 195
149 195
152 195
153 195
159 195
160 195
163 195
168 195
170 195
171 195
172 195
173 195
179 195
182 195
187 195
191 195
194 195
2 196
3 196
5 196
6 196
10 196
11 196
17 196
19 196
24 196
27 196
28 196
29 196
48 196
49 196
50 196
52 196
55 196
56 196
57 196
58 196
59 196
61 196
63 196
66 196
67 196
69 196
71 196
76 196
78 196
79 196
83 196
90 196
91 196
92 196
93 196
98 196
100 196
102 196
104 196
111 196
112 196
113 196
117 196
119 196
122 196
133 196
134 196
140 196
145 196
152 196
159 196
161 196
162 196
164 196
170 196
171 196
175 196
179 196
180 196
183 196
184 196
185 196
186 196
189 196
193 196
1 197
3 197
5 197
7 197
11 197
14 197
16 197
21 197
25 197
30 197
34 197
35 197
37 197
38 197
45 197
48 197
55 197
57 197
58 197
60 197
61 197
64 197
67 197
71 197
72 197
78 197
79 197
80 197
81 197
83 197
84 197
85 197
87 197
91 197
98 197
99 197
101 197
103 197
106 197
111 197
115 197
119 197
121 197
125 197
126 197
133 197
139 197
140 197
141 197
144 197
149 197
152 197
153 197
159 197
160 197
163 197
168 197
170 197
171 197
172 197
173 197
179 197
182 197
185 197
187 197
191 197
194 197
195 197
9 198
20 198
22 198
23 198
36 198
40 198
46 198
62 198
65 198
73 198
75 198
82 198
94 198
118 198
120 198
124 198
127 198
130 198
131 198
135 198
156 198
157 198
165 198
166 198
167 198
177 198
181 198
188 198
190 198
1 199
3 199
7 199
14 199
16 199
18 199
21 199
25 199
30 199
33 199
34 199
35 199
37 199
38 199
43 199
44 199
45 199
47 199
51 199
55 199
60 199
64 199
71 199
72 199
77 199
79 199
80 199
81 199
83 199
84 199
85 199
87 199
91 199
95 199
98 199
99 199
101 199
103 199
105 199
106 199
108 199
111 199
115 199
121 199
125 199
126 199
136 199
139 199
141 199
144 199
149 199
153 199
160 199
163 199
168 199
169 199
170 199
172 199
173 199
182 199
187 199
191 199
194 199
195 199
197 199