norm 0.0 1.0 200
0 3
0 4
3 4
2 5
0 6
3 6
4 6
2 8
7 8
7 10
8 10
0 11
3 11
4 11
6 11
7 11
10 11
0 12
3 12
4 12
6 12
11 12
0 13
3 13
4 13
6 13
11 13
12 13
2 14
5 14
2 15
8 15
14 15
7 16
8 16
10 16
11 16
0 17
3 17
4 17
6 17
7 17
10 17
11 17
12 17
13 17
16 17
0 18
3 18
4 18
6 18
7 18
10 18
11 18
12 18
13 18
16 18
17 18
0 19
3 19
4 19
6 19
7 19
10 19
11 19
12 19
13 19
16 19
17 19
18 19
2 20
7 20
8 20
10 20
15 20
16 20
0 21
3 21
4 21
6 21
7 21
10 21
11 21
12 21
13 21
17 21
18 21
19 21
0 22
3 22
4 22
6 22
7 22
10 22
11 22
12 22
13 22
16 22
17 22
18 22
19 22
21 22
7 23
8 23
10 23
15 23
16 23
20 23
7 24
8 24
10 24
11 24
16 24
17 24
18 24
19 24
21 24
22 24
23 24
2 25
5 25
8 25
14 25
15 25
20 25
3 26
4 26
6 26
7 26
8 26
10 26
11 26
16 26
17 26
18 26
19 26
21 26
22 26
23 26
24 26
7 27
8 27
10 27
16 27
17 27
18 27
20 27
22 27
23 27
24 27
26 27
2 28
8 28
15 28
20 28
23 28
25 28
27 28
2 29
7 29
8 29
10 29
15 29
16 29
20 29
23 29
25 29
27 29
28 29
3 30
4 30
6 30
7 30
8 30
10 30
11 30
16 30
17 30
18 30
19 30
21 30
22 30
23 30
24 30
26 30
27 30
7 31
8 31
10 31
15 31
16 31
20 31
23 31
24 31
26 31
27 31
28 31
29 31
30 31
2 32
7 32
8 32
10 32
15 32
16 32
20 32
23 32
24 32
25 32
27 32
28 32
29 32
31 32
2 33
5 33
14 33
15 33
20 33
25 33
28 33
29 33
7 34
8 34
10 34
11 34
16 34
17 34
18 34
19 34
20 34
22 34
23 34
24 34
26 34
27 34
29 34
30 34
31 34
32 34
7 35
8 35
10 35
15 35
16 35
20 35
23 35
24 35
26 35
27 35
28 35
29 35
30 35
31 35
32 35
34 35
0 36
3 36
4 36
6 36
11 36
12 36
13 36
18 36
19 36
21 36
22 36
0 37
3 37
4 37
6 37
11 37
12 37
13 37
19 37
21 37
22 37
36 37
0 38
3 38
4 38
6 38
11 38
12 38
13 38
17 38
18 38
19 38
21 38
22 38
36 38
37 38
0 39
3 39
4 39
6 39
12 39
13 39
21 39
36 39
37 39
38 39
7 40
8 40
10 40
11 40
16 40
17 40
18 40
19 40
20 40
22 40
23 40
24 40
26 40
27 40
29 40
30 40
31 40
32 40
34 40
35 40
1 41
5 41
14 41
33 41
7 42
8 42
10 42
16 42
17 42
18 42
19 42
20 42
22 42
23 42
24 42
26 42
27 42
28 42
29 42
30 42
31 42
32 42
34 42
35 42
40 42
7 43
8 43
10 43
11 43
16 43
17 43
18 43
19 43
20 43
22 43
23 43
24 43
26 43
27 43
28 43
29 43
30 43
31 43
32 43
34 43
35 43
40 43
42 43
7 44
8 44
10 44
15 44
16 44
17 44
18 44
20 44
22 44
23 44
24 44
26 44
27 44
28 44
29 44
30 44
31 44
32 44
34 44
35 44
40 44
42 44
43 44
2 45
8 45
14 45
15 45
20 45
23 45
25 45
28 45
29 45
31 45
32 45
33 45
35 45
44 45
7 46
8 46
10 46
16 46
17 46
18 46
20 46
22 46
23 46
24 46
26 46
27 46
28 46
29 46
30 46
31 46
32 46
34 46
35 46
40 46
42 46
43 46
44 46
7 47
8 47
10 47
16 47
17 47
18 47
20 47
22 47
23 47
24 47
26 47
27 47
28 47
29 47
30 47
31 47
32 47
34 47
35 47
40 47
42 47
43 47
44 47
46 47
1 48
41 48
2 49
7 49
8 49
10 49
15 49
16 49
20 49
23 49
24 49
25 49
26 49
27 49
28 49
29 49
30 49
31 49
32 49
34 49
35 49
40 49
42 49
43 49
44 49
45 49
46 49
47 49
2 50
7 50
8 50
10 50
15 50
16 50
20 50
23 50
24 50
25 50
27 50
28 50
29 50
31 50
32 50
34 50
35 50
40 50
42 50
43 50
44 50
45 50
46 50
47 50
49 50
2 51
7 51
8 51
15 51
16 51
20 51
23 51
25 51
27 51
28 51
29 51
31 51
32 51
33 51
34 51
35 51
40 51
42 51
43 51
44 51
45 51
46 51
47 51
49 51
50 51
1 52
5 52
14 52
33 52
41 52
48 52
7 53
8 53
10 53
15 53
16 53
20 53
23 53
24 53
26 53
27 53
28 53
29 53
30 53
31 53
32 53
34 53
35 53
40 53
42 53
43 53
44 53
45 53
46 53
47 53
49 53
50 53
51 53
7 54
8 54
10 54
16 54
17 54
18 54
20 54
22 54
23 54
24 54
26 54
27 54
28 54
29 54
30 54
31 54
32 54
34 54
35 54
40 54
42 54
43 54
44 54
45 54
46 54
47 54
49 54
50 54
51 54
53 54
1 55
5 55
14 55
25 55
33 55
41 55
48 55
52 55
0 56
3 56
4 56
6 56
12 56
13 56
36 56
37 56
38 56
39 56
7 57
8 57
10 57
15 57
16 57
17 57
18 57
20 57
23 57
24 57
26 57
27 57
28 57
29 57
30 57
31 57
32 57
34 57
35 57
40 57
42 57
43 57
44 57
45 57
46 57
47 57
49 57
50 57
51 57
53 57
54 57
0 58
3 58
4 58
6 58
7 58
10 58
11 58
12 58
13 58
16 58
17 58
18 58
19 58
21 58
22 58
23 58
24 58
26 58
27 58
30 58
31 58
34 58
35 58
38 58
40 58
42 58
43 58
44 58
46 58
47 58
53 58
54 58
57 58
7 59
8 59
10 59
11 59
16 59
17 59
18 59
19 59
20 59
21 59
22 59
23 59
24 59
26 59
27 59
29 59
30 59
31 59
32 59
34 59
35 59
40 59
42 59
43 59
44 59
46 59
47 59
49 59
50 59
51 59
53 59
54 59
57 59
58 59
0 60
3 60
4 60
6 60
11 60
12 60
13 60
18 60
19 60
21 60
22 60
36 60
37 60
38 60
39 60
56 60
7 61
8 61
10 61
16 61
17 61
18 61
20 61
22 61
23 61
24 61
26 61
27 61
28 61
29 61
30 61
31 61
32 61
34 61
35 61
40 61
42 61
43 61
44 61
46 61
47 61
49 61
50 61
51 61
53 61
54 61
57 61
58 61
59 61
2 62
5 62
14 62
15 62
25 62
28 62
33 62
41 62
45 62
52 62
55 62
2 63
7 63
8 63
10 63
15 63
16 63
20 63
23 63
24 63
25 63
26 63
27 63
28 63
29 63
30 63
31 63
32 63
34 63
35 63
40 63
42 63
43 63
44 63
45 63
46 63
47 63
49 63
50 63
51 63
53 63
54 63
57 63
59 63
61 63
7 64
8 64
10 64
16 64
17 64
18 64
19 64
20 64
22 64
23 64
24 64
26 64
27 64
28 64
29 64
30 64
31 64
32 64
34 64
35 64
40 64
42 64
43 64
44 64
46 64
47 64
49 64
50 64
51 64
53 64
54 64
57 64
58 64
59 64
61 64
63 64
2 65
5 65
8 65
14 65
15 65
20 65
23 65
25 65
28 65
29 65
31 65
32 65
33 65
35 65
45 65
49 65
50 65
51 65
53 65
62 65
63 65
7 66
8 66
10 66
16 66
17 66
18 66
20 66
22 66
23 66
24 66
26 66
27 66
28 66
29 66
30 66
31 66
32 66
34 66
35 66
40 66
42 66
43 66
44 66
46 66
47 66
49 66
50 66
51 66
53 66
54 66
57 66
58 66
59 66
61 66
63 66
64 66
2 67
5 67
14 67
15 67
20 67
25 67
28 67
29 67
32 67
33 67
45 67
50 67
51 67
55 67
62 67
63 67
65 67
2 68
7 68
8 68
10 68
15 68
16 68
20 68
23 68
25 68
27 68
28 68
29 68
31 68
32 68
33 68
34 68
35 68
40 68
42 68
43 68
44 68
45 68
46 68
47 68
49 68
50 68
51 68
53 68
54 68
57 68
59 68
61 68
63 68
64 68
65 68
66 68
67 68
3 69
4 69
6 69
7 69
10 69
11 69
12 69
13 69
16 69
17 69
18 69
19 69
21 69
22 69
23 69
24 69
26 69
27 69
30 69
31 69
34 69
35 69
38 69
40 69
42 69
43 69
44 69
46 69
47 69
53 69
54 69
57 69
58 69
59 69
61 69
64 69
66 69
1 70
2 70
5 70
14 70
25 70
33 70
41 70
52 70
55 70
62 70
67 70
9 71
2 72
5 72
8 72
14 72
15 72
20 72
25 72
28 72
29 72
32 72
33 72
45 72
49 72
50 72
51 72
62 72
63 72
65 72
67 72
68 72
70 72
0 73
3 73
4 73
6 73
11 73
12 73
13 73
17 73
18 73
19 73
21 73
22 73
36 73
37 73
38 73
39 73
56 73
58 73
60 73
69 73
2 74
5 74
8 74
14 74
15 74
20 74
25 74
28 74
29 74
32 74
33 74
45 74
49 74
50 74
51 74
62 74
63 74
65 74
67 74
68 74
70 74
72 74
2 75
8 75
15 75
20 75
23 75
25 75
27 75
28 75
29 75
31 75
32 75
33 75
35 75
42 75
43 75
44 75
45 75
46 75
47 75
49 75
50 75
51 75
53 75
54 75
57 75
61 75
62 75
63 75
64 75
65 75
66 75
67 75
68 75
72 75
74 75
3 76
4 76
6 76
7 76
8 76
10 76
11 76
16 76
17 76
18 76
19 76
21 76
22 76
23 76
24 76
26 76
27 76
30 76
31 76
34 76
35 76
40 76
42 76
43 76
44 76
46 76
47 76
49 76
53 76
54 76
57 76
58 76
59 76
61 76
63 76
64 76
66 76
69 76
2 78
5 78
14 78
15 78
20 78
25 78
28 78
29 78
32 78
33 78
45 78
50 78
51 78
55 78
62 78
65 78
67 78
68 78
70 78
72 78
74 78
75 78
2 79
5 79
14 79
15 79
25 79
33 79
41 79
45 79
52 79
55 79
62 79
65 79
67 79
70 79
72 79
74 79
78 79
0 80
3 80
4 80
6 80
11 80
12 80
13 80
17 80
18 80
19 80
21 80
22 80
36 80
37 80
38 80
39 80
56 80
60 80
73 80
7 81
8 81
10 81
16 81
17 81
18 81
19 81
20 81
22 81
23 81
24 81
26 81
27 81
28 81
29 81
30 81
31 81
32 81
34 81
35 81
40 81
42 81
43 81
44 81
46 81
47 81
49 81
50 81
51 81
53 81
54 81
57 81
58 81
59 81
61 81
63 81
64 81
66 81
68 81
69 81
75 81
76 81
0 82
3 82
4 82
6 82
7 82
10 82
11 82
12 82
13 82
17 82
18 82
19 82
21 82
22 82
24 82
26 82
30 82
34 82
36 82
37 82
38 82
40 82
58 82
59 82
60 82
69 82
73 82
76 82
80 82
0 83
3 83
4 83
6 83
11 83
12 83
13 83
19 83
21 83
22 83
36 83
37 83
38 83
39 83
56 83
60 83
73 83
80 83
82 83
9 84
71 84
7 85
8 85
10 85
15 85
16 85
20 85
23 85
24 85
26 85
27 85
28 85
29 85
30 85
31 85
32 85
34 85
35 85
40 85
42 85
43 85
44 85
45 85
46 85
47 85
49 85
50 85
51 85
53 85
54 85
57 85
58 85
59 85
61 85
63 85
64 85
65 85
66 85
68 85
69 85
75 85
76 85
81 85
7 86
8 86
10 86
11 86
16 86
17 86
18 86
19 86
20 86
21 86
22 86
23 86
24 86
26 86
27 86
29 86
30 86
31 86
32 86
34 86
35 86
40 86
42 86
43 86
44 86
46 86
47 86
49 86
50 86
51 86
53 86
54 86
57 86
58 86
59 86
61 86
63 86
64 86
66 86
68 86
69 86
76 86
81 86
82 86
85 86
2 87
5 87
14 87
25 87
33 87
41 87
52 87
55 87
62 87
65 87
67 87
70 87
72 87
74 87
78 87
79 87
39 88
56 88
71 88
84 88
3 89
4 89
6 89
7 89
8 89
10 89
11 89
13 89
16 89
17 89
18 89
19 89
21 89
22 89
23 89
24 89
26 89
27 89
30 89
31 89
34 89
35 89
40 89
42 89
43 89
44 89
46 89
47 89
49 89
53 89
54 89
57 89
58 89
59 89
61 89
63 89
64 89
66 89
69 89
76 89
81 89
82 89
85 89
86 89
3 90
7 90
8 90
10 90
11 90
16 90
17 90
18 90
19 90
21 90
22 90
23 90
24 90
26 90
27 90
30 90
31 90
32 90
34 90
35 90
40 90
42 90
43 90
44 90
46 90
47 90
49 90
50 90
53 90
54 90
57 90
58 90
59 90
61 90
63 90
64 90
66 90
69 90
76 90
81 90
82 90
85 90
86 90
89 90
3 91
4 91
6 91
7 91
10 91
11 91
12 91
13 91
16 91
17 91
18 91
19 91
21 91
22 91
23 91
24 91
26 91
27 91
30 91
31 91
34 91
35 91
38 91
40 91
42 91
43 91
44 91
46 91
47 91
53 91
54 91
57 91
58 91
59 91
61 91
64 91
66 91
69 91
73 91
76 91
81 91
82 91
85 91
86 91
89 91
90 91
1 92
41 92
48 92
52 92
55 92
70 92
3 93
4 93
6 93
7 93
8 93
10 93
11 93
13 93
16 93
17 93
18 93
19 93
21 93
22 93
23 93
24 93
26 93
27 93
30 93
31 93
34 93
35 93
40 93
42 93
43 93
44 93
46 93
47 93
49 93
53 93
54 93
57 93
58 93
59 93
61 93
64 93
66 93
69 93
76 93
81 93
82 93
85 93
86 93
89 93
90 93
91 93
3 94
4 94
6 94
7 94
8 94
10 94
11 94
12 94
13 94
16 94
17 94
18 94
19 94
21 94
22 94
23 94
24 94
26 94
27 94
30 94
31 94
34 94
35 94
40 94
42 94
43 94
44 94
46 94
47 94
53 94
54 94
57 94
58 94
59 94
61 94
64 94
66 94
69 94
73 94
76 94
81 94
82 94
85 94
86 94
89 94
90 94
91 94
93 94
2 95
7 95
8 95
10 95
15 95
16 95
20 95
23 95
24 95
26 95
27 95
28 95
29 95
30 95
31 95
32 95
34 95
35 95
40 95
42 95
43 95
44 95
45 95
46 95
47 95
49 95
50 95
51 95
53 95
54 95
57 95
59 95
61 95
63 95
64 95
65 95
66 95
68 95
74 95
75 95
76 95
81 95
85 95
86 95
89 95
90 95
93 95
94 95
7 96
8 96
10 96
15 96
16 96
17 96
20 96
23 96
24 96
26 96
27 96
28 96
29 96
30 96
31 96
32 96
34 96
35 96
40 96
42 96
43 96
44 96
45 96
46 96
47 96
49 96
50 96
51 96
53 96
54 96
57 96
58 96
59 96
61 96
63 96
64 96
66 96
68 96
69 96
75 96
76 96
81 96
85 96
86 96
89 96
90 96
91 96
93 96
94 96
95 96
2 97
5 97
8 97
14 97
15 97
20 97
25 97
28 97
29 97
32 97
33 97
35 97
45 97
49 97
50 97
51 97
62 97
63 97
65 97
67 97
68 97
72 97
74 97
75 97
78 97
79 97
87 97
95 97
0 98
3 98
4 98
6 98
7 98
10 98
11 98
12 98
13 98
16 98
17 98
18 98
19 98
21 98
22 98
24 98
26 98
30 98
34 98
36 98
37 98
38 98
40 98
42 98
43 98
58 98
59 98
60 98
64 98
69 98
73 98
76 98
80 98
81 98
82 98
83 98
86 98
89 98
90 98
91 98
93 98
94 98
0 99
3 99
4 99
6 99
7 99
10 99
11 99
12 99
13 99
17 99
18 99
19 99
21 99
22 99
24 99
26 99
30 99
34 99
36 99
37 99
38 99
40 99
58 99
59 99
60 99
69 99
73 99
76 99
80 99
82 99
83 99
86 99
89 99
90 99
91 99
93 99
94 99
98 99
3 100
4 100
6 100
7 100
10 100
11 100
12 100
13 100
16 100
17 100
18 100
19 100
21 100
22 100
23 100
24 100
26 100
27 100
30 100
31 100
34 100
35 100
38 100
40 100
42 100
43 100
44 100
46 100
47 100
53 100
54 100
57 100
58 100
59 100
61 100
64 100
66 100
69 100
73 100
76 100
81 100
82 100
85 100
86 100
89 100
90 100
91 100
93 100
94 100
96 100
98 100
99 100
2 101
7 101
8 101
10 101
15 101
16 101
20 101
23 101
24 101
26 101
27 101
28 101
29 101
30 101
31 101
32 101
34 101
35 101
40 101
42 101
43 101
44 101
45 101
46 101
47 101
49 101
50 101
51 101
53 101
54 101
57 101
59 101
61 101
63 101
64 101
65 101
66 101
68 101
69 101
75 101
76 101
81 101
85 101
86 101
89 101
90 101
93 101
94 101
95 101
96 101
97 101
100 101
7 102
8 102
10 102
16 102
17 102
18 102
20 102
22 102
23 102
24 102
26 102
27 102
28 102
29 102
30 102
31 102
32 102
34 102
35 102
40 102
42 102
43 102
44 102
46 102
47 102
49 102
50 102
51 102
53 102
54 102
57 102
58 102
59 102
61 102
63 102
64 102
66 102
68 102
69 102
75 102
76 102
81 102
85 102
86 102
89 102
90 102
91 102
93 102
94 102
95 102
96 102
100 102
101 102
0 103
3 103
4 103
6 103
11 103
12 103
13 103
19 103
21 103
36 103
37 103
38 103
39 103
56 103
60 103
73 103
80 103
82 103
83 103
88 103
98 103
99 103
2 104
7 104
8 104
10 104
15 104
16 104
20 104
23 104
24 104
25 104
27 104
28 104
29 104
31 104
32 104
34 104
35 104
40 104
42 104
43 104
44 104
45 104
46 104
47 104
49 104
50 104
51 104
53 104
54 104
57 104
59 104
61 104
63 104
64 104
65 104
66 104
67 104
68 104
72 104
74 104
75 104
78 104
81 104
85 104
86 104
95 104
96 104
97 104
101 104
102 104
7 105
8 105
10 105
15 105
16 105
17 105
18 105
20 105
23 105
24 105
26 105
27 105
28 105
29 105
30 105
31 105
32 105
34 105
35 105
40 105
42 105
43 105
44 105
45 105
46 105
47 105
49 105
50 105
51 105
53 105
54 105
57 105
58 105
59 105
61 105
63 105
64 105
66 105
68 105
69 105
75 105
76 105
81 105
85 105
86 105
89 105
90 105
91 105
93 105
94 105
95 105
96 105
100 105
101 105
102 105
104 105
7 106
8 106
10 106
11 106
16 106
17 106
18 106
19 106
20 106
22 106
23 106
24 106
26 106
27 106
29 106
30 106
31 106
32 106
34 106
35 106
40 106
42 106
43 106
44 106
46 106
47 106
49 106
50 106
51 106
53 106
54 106
57 106
58 106
59 106
61 106
63 106
64 106
66 106
68 106
69 106
76 106
81 106
82 106
85 106
86 106
89 106
90 106
91 106
93 106
94 106
95 106
96 106
98 106
99 106
100 106
101 106
102 106
104 106
105 106
2 107
5 107
14 107
25 107
33 107
41 107
52 107
55 107
62 107
65 107
67 107
70 107
72 107
74 107
78 107
79 107
87 107
97 107
3 108
4 108
6 108
7 108
10 108
11 108
12 108
13 108
16 108
17 108
18 108
19 108
21 108
22 108
23 108
24 108
26 108
27 108
30 108
31 108
34 108
35 108
38 108
40 108
42 108
43 108
44 108
46 108
47 108
53 108
54 108
57 108
58 108
59 108
61 108
64 108
66 108
69 108
73 108
76 108
81 108
82 108
85 108
86 108
89 108
90 108
91 108
93 108
94 108
96 108
98 108
99 108
100 108
101 108
102 108
105 108
106 108
0 109
3 109
4 109
6 109
7 109
10 109
11 109
12 109
13 109
16 109
17 109
18 109
19 109
21 109
22 109
24 109
26 109
30 109
34 109
36 109
37 109
38 109
40 109
58 109
59 109
60 109
69 109
73 109
76 109
80 109
82 109
83 109
86 109
89 109
90 109
91 109
93 109
94 109
98 109
99 109
100 109
103 109
106 109
108 109
1 110
5 110
14 110
41 110
48 110
52 110
55 110
62 110
70 110
79 110
87 110
92 110
107 110
2 111
8 111
14 111
15 111
20 111
23 111
25 111
28 111
29 111
31 111
32 111
33 111
35 111
45 111
49 111
50 111
51 111
53 111
57 111
62 111
63 111
65 111
67 111
68 111
72 111
74 111
75 111
78 111
79 111
85 111
95 111
96 111
97 111
101 111
104 111
105 111
107 111
2 112
7 112
8 112
10 112
15 112
16 112
20 112
23 112
25 112
27 112
28 112
29 112
31 112
32 112
33 112
34 112
35 112
40 112
42 112
43 112
44 112
45 112
46 112
47 112
49 112
50 112
51 112
53 112
54 112
57 112
59 112
61 112
63 112
64 112
65 112
66 112
67 112
68 112
72 112
74 112
75 112
78 112
81 112
85 112
86 112
95 112
96 112
97 112
101 112
102 112
104 112
105 112
106 112
111 112
7 113
8 113
10 113
15 113
16 113
17 113
18 113
20 113
23 113
24 113
26 113
27 113
28 113
29 113
30 113
31 113
32 113
34 113
35 113
40 113
42 113
43 113
44 113
45 113
46 113
47 113
49 113
50 113
51 113
53 113
54 113
57 113
58 113
59 113
61 113
63 113
64 113
66 113
68 113
69 113
75 113
76 113
81 113
85 113
86 113
89 113
90 113
91 113
93 113
94 113
95 113
96 113
100 113
101 113
102 113
104 113
105 113
106 113
108 113
112 113
7 114
8 114
10 114
11 114
16 114
17 114
18 114
19 114
20 114
22 114
23 114
24 114
26 114
27 114
29 114
30 114
31 114
32 114
34 114
35 114
40 114
42 114
43 114
44 114
46 114
47 114
49 114
50 114
51 114
53 114
54 114
57 114
58 114
59 114
61 114
63 114
64 114
66 114
68 114
69 114
76 114
81 114
85 114
86 114
89 114
90 114
91 114
93 114
94 114
95 114
96 114
98 114
100 114
101 114
102 114
104 114
105 114
106 114
108 114
109 114
112 114
113 114
2 115
7 115
8 115
10 115
15 115
16 115
20 115
23 115
24 115
25 115
26 115
27 115
28 115
29 115
30 115
31 115
32 115
34 115
35 115
40 115
42 115
43 115
44 115
45 115
46 115
47 115
49 115
50 115
51 115
53 115
54 115
57 115
59 115
61 115
63 115
64 115
65 115
66 115
68 115
72 115
74 115
75 115
76 115
81 115
85 115
86 115
89 115
90 115
93 115
95 115
96 115
97 115
101 115
102 115
104 115
105 115
106 115
111 115
112 115
113 115
114 115
2 116
5 116
14 116
15 116
20 116
25 116
28 116
29 116
32 116
33 116
41 116
45 116
51 116
52 116
55 116
62 116
65 116
67 116
68 116
70 116
72 116
74 116
75 116
78 116
79 116
87 116
97 116
104 116
107 116
111 116
112 116
0 117
3 117
4 117
6 117
10 117
11 117
12 117
13 117
17 117
18 117
19 117
21 117
22 117
24 117
26 117
30 117
36 117
37 117
38 117
39 117
58 117
60 117
69 117
73 117
76 117
80 117
82 117
83 117
89 117
90 117
91 117
93 117
94 117
98 117
99 117
100 117
103 117
108 117
109 117
7 118
8 118
10 118
11 118
16 118
17 118
18 118
19 118
20 118
21 118
22 118
23 118
24 118
26 118
27 118
29 118
30 118
31 118
32 118
34 118
35 118
40 118
42 118
43 118
44 118
46 118
47 118
49 118
50 118
51 118
53 118
54 118
57 118
58 118
59 118
61 118
63 118
64 118
66 118
68 118
69 118
76 118
81 118
82 118
85 118
86 118
89 118
90 118
91 118
93 118
94 118
95 118
96 118
98 118
99 118
100 118
101 118
102 118
104 118
105 118
106 118
108 118
109 118
112 118
113 118
114 118
115 118
0 119
3 119
4 119
6 119
7 119
10 119
11 119
12 119
13 119
16 119
17 119
18 119
19 119
21 119
22 119
24 119
26 119
27 119
30 119
34 119
36 119
38 119
40 119
42 119
43 119
44 119
46 119
47 119
54 119
57 119
58 119
59 119
61 119
64 119
66 119
69 119
73 119
76 119
80 119
81 119
82 119
86 119
89 119
90 119
91 119
93 119
94 119
98 119
99 119
100 119
102 119
105 119
106 119
108 119
109 119
113 119
114 119
117 119
118 119
0 120
3 120
4 120
6 120
11 120
12 120
13 120
17 120
18 120
19 120
21 120
22 120
36 120
37 120
38 120
39 120
56 120
58 120
60 120
69 120
73 120
80 120
82 120
83 120
91 120
98 120
99 120
100 120
103 120
108 120
109 120
117 120
119 120
2 121
8 121
14 121
15 121
20 121
23 121
25 121
27 121
28 121
29 121
31 121
32 121
33 121
35 121
44 121
45 121
49 121
50 121
51 121
53 121
54 121
57 121
62 121
63 121
65 121
67 121
68 121
72 121
74 121
75 121
78 121
79 121
85 121
95 121
96 121
97 121
101 121
104 121
105 121
111 121
112 121
113 121
115 121
116 121
2 122
7 122
8 122
10 122
15 122
16 122
20 122
23 122
24 122
25 122
26 122
27 122
28 122
29 122
30 122
31 122
32 122
34 122
35 122
40 122
42 122
43 122
44 122
45 122
46 122
47 122
49 122
50 122
51 122
53 122
54 122
57 122
59 122
61 122
63 122
64 122
65 122
66 122
67 122
68 122
72 122
74 122
75 122
76 122
81 122
85 122
86 122
89 122
90 122
95 122
96 122
97 122
101 122
102 122
104 122
105 122
106 122
111 122
112 122
113 122
114 122
115 122
118 122
121 122
2 123
8 123
14 123
15 123
20 123
23 123
25 123
28 123
29 123
31 123
32 123
33 123
35 123
45 123
49 123
50 123
51 123
53 123
57 123
62 123
63 123
65 123
67 123
68 123
72 123
74 123
75 123
78 123
79 123
85 123
95 123
96 123
97 123
101 123
104 123
105 123
107 123
111 123
112 123
113 123
115 123
116 123
121 123
122 123
1 124
5 124
14 124
41 124
48 124
52 124
55 124
62 124
70 124
79 124
87 124
92 124
107 124
110 124
0 125
3 125
4 125
6 125
7 125
10 125
11 125
12 125
13 125
16 125
17 125
18 125
19 125
21 125
22 125
24 125
26 125
30 125
34 125
36 125
37 125
38 125
40 125
42 125
43 125
58 125
59 125
60 125
64 125
69 125
73 125
76 125
80 125
82 125
83 125
86 125
89 125
90 125
91 125
93 125
94 125
98 125
99 125
100 125
103 125
106 125
108 125
109 125
114 125
117 125
118 125
119 125
120 125
0 126
3 126
4 126
6 126
7 126
10 126
11 126
12 126
13 126
17 126
18 126
19 126
21 126
22 126
24 126
26 126
30 126
34 126
36 126
37 126
38 126
40 126
58 126
59 126
60 126
69 126
73 126
76 126
80 126
82 126
83 126
86 126
89 126
90 126
91 126
93 126
94 126
98 126
99 126
100 126
103 126
106 126
108 126
109 126
117 126
118 126
119 126
120 126
125 126
2 127
8 127
14 127
15 127
20 127
23 127
25 127
28 127
29 127
31 127
32 127
33 127
35 127
45 127
49 127
50 127
51 127
53 127
62 127
63 127
65 127
67 127
68 127
72 127
74 127
75 127
78 127
79 127
85 127
95 127
96 127
97 127
101 127
104 127
107 127
111 127
112 127
115 127
116 127
121 127
122 127
123 127
0 128
36 128
37 128
38 128
39 128
56 128
60 128
71 128
80 128
83 128
88 128
103 128
120 128
2 129
8 129
14 129
15 129
20 129
23 129
25 129
28 129
29 129
31 129
32 129
33 129
35 129
45 129
49 129
50 129
51 129
53 129
57 129
62 129
63 129
65 129
67 129
68 129
72 129
74 129
75 129
78 129
79 129
85 129
95 129
96 129
97 129
101 129
104 129
105 129
107 129
111 129
112 129
113 129
115 129
116 129
121 129
122 129
123 129
127 129
7 130
8 130
10 130
11 130
16 130
17 130
18 130
19 130
20 130
22 130
23 130
24 130
26 130
27 130
29 130
30 130
31 130
32 130
34 130
35 130
40 130
42 130
43 130
44 130
46 130
47 130
49 130
50 130
51 130
53 130
54 130
57 130
58 130
59 130
61 130
63 130
64 130
66 130
68 130
69 130
76 130
81 130
85 130
86 130
89 130
90 130
91 130
93 130
94 130
95 130
96 130
98 130
100 130
101 130
102 130
104 130
105 130
106 130
108 130
109 130
112 130
113 130
114 130
115 130
118 130
119 130
122 130
125 130
0 131
3 131
4 131
6 131
7 131
10 131
11 131
12 131
13 131
16 131
17 131
18 131
19 131
21 131
22 131
24 131
26 131
27 131
30 131
34 131
36 131
37 131
38 131
40 131
42 131
43 131
46 131
47 131
58 131
59 131
60 131
61 131
64 131
66 131
69 131
73 131
76 131
80 131
81 131
82 131
83 131
86 131
89 131
90 131
91 131
93 131
94 131
98 131
99 131
100 131
102 131
103 131
106 131
108 131
109 131
114 131
117 131
118 131
119 131
120 131
125 131
126 131
130 131
0 132
3 132
4 132
6 132
7 132
10 132
11 132
12 132
13 132
16 132
17 132
18 132
19 132
21 132
22 132
23 132
24 132
26 132
27 132
30 132
31 132
34 132
38 132
40 132
42 132
43 132
44 132
46 132
47 132
53 132
54 132
57 132
58 132
59 132
61 132
64 132
66 132
69 132
73 132
76 132
80 132
81 132
82 132
85 132
86 132
89 132
90 132
91 132
93 132
94 132
96 132
98 132
99 132
100 132
102 132
105 132
106 132
108 132
109 132
113 132
114 132
117 132
118 132
119 132
120 132
125 132
126 132
130 132
131 132
3 133
7 133
8 133
10 133
11 133
16 133
17 133
18 133
19 133
21 133
22 133
23 133
24 133
26 133
27 133
30 133
31 133
32 133
34 133
35 133
40 133
42 133
43 133
44 133
46 133
47 133
49 133
50 133
53 133
54 133
57 133
58 133
59 133
61 133
63 133
64 133
66 133
69 133
76 133
81 133
82 133
85 133
86 133
89 133
90 133
91 133
93 133
94 133
95 133
96 133
98 133
99 133
100 133
101 133
102 133
105 133
106 133
108 133
109 133
113 133
114 133
115 133
117 133
118 133
119 133
122 133
125 133
126 133
130 133
131 133
132 133
1 134
41 134
48 134
52 134
55 134
92 134
110 134
124 134
0 135
3 135
4 135
6 135
7 135
10 135
11 135
12 135
13 135
16 135
17 135
18 135
19 135
21 135
22 135
24 135
26 135
27 135
30 135
34 135
36 135
38 135
40 135
42 135
43 135
44 135
46 135
47 135
54 135
57 135
58 135
59 135
60 135
61 135
64 135
66 135
69 135
73 135
76 135
80 135
81 135
82 135
86 135
89 135
90 135
91 135
93 135
94 135
98 135
99 135
100 135
102 135
106 135
108 135
109 135
113 135
114 135
117 135
118 135
119 135
120 135
125 135
126 135
130 135
131 135
132 135
133 135
9 136
71 136
84 136
88 136
128 136
0 137
3 137
4 137
6 137
7 137
10 137
11 137
12 137
13 137
16 137
17 137
18 137
19 137
21 137
22 137
24 137
26 137
30 137
34 137
36 137
37 137
38 137
40 137
42 137
43 137
58 137
59 137
60 137
64 137
69 137
73 137
76 137
80 137
82 137
83 137
86 137
89 137
90 137
91 137
93 137
94 137
98 137
99 137
100 137
103 137
106 137
108 137
109 137
114 137
117 137
118 137
119 137
120 137
125 137
126 137
130 137
131 137
132 137
133 137
135 137
7 138
8 138
10 138
11 138
16 138
17 138
18 138
19 138
20 138
21 138
22 138
23 138
24 138
26 138
27 138
29 138
30 138
31 138
32 138
34 138
35 138
40 138
42 138
43 138
44 138
46 138
47 138
49 138
50 138
51 138
53 138
54 138
57 138
58 138
59 138
61 138
63 138
64 138
66 138
68 138
69 138
76 138
81 138
82 138
85 138
86 138
89 138
90 138
91 138
93 138
94 138
95 138
96 138
98 138
99 138
100 138
101 138
102 138
104 138
105 138
106 138
108 138
109 138
112 138
113 138
114 138
115 138
117 138
118 138
119 138
122 138
125 138
126 138
130 138
131 138
132 138
133 138
135 138
137 138
0 139
3 139
4 139
6 139
11 139
12 139
13 139
17 139
18 139
19 139
21 139
22 139
24 139
26 139
30 139
36 139
37 139
38 139
39 139
58 139
60 139
69 139
73 139
76 139
80 139
82 139
83 139
89 139
90 139
91 139
93 139
94 139
98 139
99 139
100 139
103 139
108 139
109 139
117 139
119 139
120 139
125 139
126 139
131 139
132 139
133 139
135 139
137 139
2 140
8 140
15 140
20 140
23 140
25 140
27 140
28 140
29 140
31 140
32 140
33 140
35 140
42 140
43 140
44 140
45 140
46 140
47 140
49 140
50 140
51 140
53 140
54 140
57 140
61 140
62 140
63 140
64 140
65 140
66 140
67 140
68 140
72 140
74 140
75 140
78 140
81 140
85 140
95 140
96 140
97 140
101 140
102 140
104 140
105 140
111 140
112 140
113 140
115 140
116 140
121 140
122 140
123 140
127 140
129 140
130 140
2 141
7 141
8 141
10 141
15 141
16 141
20 141
23 141
24 141
26 141
27 141
28 141
29 141
30 141
31 141
32 141
34 141
35 141
40 141
42 141
43 141
44 141
45 141
46 141
47 141
49 141
50 141
51 141
53 141
54 141
57 141
59 141
61 141
63 141
64 141
65 141
66 141
68 141
69 141
75 141
76 141
81 141
85 141
86 141
89 141
90 141
93 141
94 141
95 141
96 141
97 141
100 141
101 141
102 141
104 141
105 141
106 141
111 141
112 141
113 141
114 141
115 141
118 141
121 141
122 141
123 141
127 141
129 141
130 141
133 141
138 141
140 141
0 142
3 142
4 142
6 142
7 142
10 142
11 142
12 142
13 142
16 142
17 142
18 142
19 142
21 142
22 142
24 142
26 142
27 142
30 142
34 142
36 142
38 142
40 142
42 142
43 142
44 142
46 142
47 142
54 142
57 142
58 142
59 142
60 142
61 142
64 142
66 142
69 142
73 142
76 142
80 142
81 142
82 142
86 142
89 142
90 142
91 142
93 142
94 142
98 142
99 142
100 142
102 142
106 142
108 142
109 142
113 142
114 142
117 142
118 142
119 142
120 142
125 142
126 142
130 142
131 142
132 142
133 142
135 142
137 142
138 142
139 142
2 143
8 143
14 143
15 143
20 143
23 143
25 143
27 143
28 143
29 143
31 143
32 143
33 143
35 143
44 143
45 143
46 143
47 143
49 143
50 143
51 143
53 143
54 143
57 143
61 143
62 143
63 143
65 143
66 143
67 143
68 143
72 143
74 143
75 143
78 143
81 143
85 143
95 143
96 143
97 143
101 143
102 143
104 143
105 143
111 143
112 143
113 143
115 143
116 143
121 143
122 143
123 143
127 143
129 143
140 143
141 143
7 144
8 144
10 144
15 144
16 144
20 144
23 144
24 144
26 144
27 144
28 144
29 144
30 144
31 144
32 144
34 144
35 144
40 144
42 144
43 144
44 144
45 144
46 144
47 144
49 144
50 144
51 144
53 144
54 144
57 144
58 144
59 144
61 144
63 144
64 144
65 144
66 144
68 144
69 144
75 144
76 144
81 144
85 144
86 144
89 144
90 144
91 144
93 144
94 144
95 144
96 144
100 144
101 144
102 144
104 144
105 144
106 144
108 144
111 144
112 144
113 144
114 144
115 144
118 144
121 144
122 144
123 144
127 144
129 144
130 144
132 144
133 144
138 144
140 144
141 144
143 144
2 145
5 145
14 145
15 145
25 145
28 145
33 145
41 145
45 145
52 145
55 145
62 145
65 145
67 145
70 145
72 145
74 145
75 145
78 145
79 145
87 145
97 145
107 145
110 145
111 145
116 145
121 145
123 145
124 145
127 145
129 145
140 145
143 145
3 146
4 146
6 146
7 146
10 146
11 146
12 146
13 146
16 146
17 146
18 146
19 146
21 146
22 146
23 146
24 146
26 146
27 146
30 146
31 146
34 146
35 146
40 146
42 146
43 146
44 146
46 146
47 146
53 146
54 146
57 146
58 146
59 146
61 146
64 146
66 146
69 146
73 146
76 146
81 146
82 146
85 146
86 146
89 146
90 146
91 146
93 146
94 146
95 146
96 146
98 146
99 146
100 146
101 146
102 146
105 146
106 146
108 146
109 146
113 146
114 146
117 146
118 146
119 146
125 146
126 146
130 146
131 146
132 146
133 146
135 146
137 146
138 146
139 146
141 146
142 146
144 146
0 147
3 147
4 147
6 147
7 147
10 147
11 147
12 147
13 147
16 147
17 147
18 147
19 147
21 147
22 147
24 147
26 147
27 147
30 147
34 147
36 147
37 147
38 147
40 147
42 147
43 147
44 147
46 147
47 147
54 147
58 147
59 147
60 147
61 147
64 147
66 147
69 147
73 147
76 147
80 147
81 147
82 147
83 147
86 147
89 147
90 147
91 147
93 147
94 147
98 147
99 147
100 147
102 147
106 147
108 147
109 147
114 147
117 147
118 147
119 147
120 147
125 147
126 147
130 147
131 147
132 147
133 147
135 147
137 147
138 147
139 147
142 147
146 147
7 148
8 148
10 148
15 148
16 148
17 148
18 148
20 148
22 148
23 148
24 148
26 148
27 148
28 148
29 148
30 148
31 148
32 148
34 148
35 148
40 148
42 148
43 148
44 148
45 148
46 148
47 148
49 148
50 148
51 148
53 148
54 148
57 148
58 148
59 148
61 148
63 148
64 148
66 148
68 148
69 148
75 148
76 148
81 148
85 148
86 148
89 148
90 148
91 148
93 148
94 148
95 148
96 148
100 148
101 148
102 148
104 148
105 148
106 148
108 148
112 148
113 148
114 148
115 148
118 148
119 148
121 148
122 148
130 148
132 148
133 148
135 148
138 148
140 148
141 148
142 148
143 148
144 148
146 148
147 148
0 149
12 149
36 149
37 149
38 149
39 149
56 149
60 149
73 149
80 149
83 149
88 149
103 149
120 149
128 149
7 150
8 150
10 150
15 150
16 150
17 150
18 150
20 150
23 150
24 150
26 150
27 150
28 150
29 150
30 150
31 150
32 150
34 150
35 150
40 150
42 150
43 150
44 150
45 150
46 150
47 150
49 150
50 150
51 150
53 150
54 150
57 150
58 150
59 150
61 150
63 150
64 150
66 150
68 150
69 150
75 150
76 150
81 150
85 150
86 150
89 150
90 150
91 150
93 150
94 150
95 150
96 150
100 150
101 150
102 150
104 150
105 150
106 150
108 150
111 150
112 150
113 150
114 150
115 150
118 150
119 150
121 150
122 150
123 150
129 150
130 150
132 150
133 150
135 150
138 150
140 150
141 150
142 150
143 150
144 150
146 150
148 150
7 151
8 151
10 151
11 151
16 151
17 151
18 151
19 151
20 151
22 151
23 151
24 151
26 151
27 151
29 151
30 151
31 151
32 151
34 151
35 151
40 151
42 151
43 151
44 151
46 151
47 151
49 151
50 151
51 151
53 151
54 151
57 151
58 151
59 151
61 151
63 151
64 151
66 151
68 151
69 151
76 151
81 151
85 151
86 151
89 151
90 151
91 151
93 151
94 151
95 151
96 151
98 151
99 151
100 151
101 151
102 151
104 151
105 151
106 151
108 151
109 151
112 151
113 151
114 151
115 151
118 151
119 151
122 151
125 151
126 151
130 151
131 151
132 151
133 151
135 151
137 151
138 151
141 151
142 151
144 151
146 151
147 151
148 151
150 151
0 152
3 152
4 152
6 152
12 152
13 152
21 152
36 152
37 152
38 152
39 152
56 152
60 152
73 152
80 152
82 152
83 152
88 152
99 152
103 152
117 152
120 152
126 152
128 152
139 152
149 152
2 153
7 153
8 153
10 153
15 153
16 153
20 153
23 153
24 153
25 153
26 153
27 153
28 153
29 153
30 153
31 153
32 153
34 153
35 153
40 153
42 153
43 153
44 153
45 153
46 153
47 153
49 153
50 153
51 153
53 153
54 153
57 153
59 153
61 153
63 153
64 153
65 153
66 153
67 153
68 153
72 153
74 153
75 153
76 153
81 153
85 153
86 153
89 153
90 153
95 153
96 153
97 153
101 153
102 153
104 153
105 153
106 153
111 153
112 153
113 153
114 153
115 153
118 153
121 153
122 153
123 153
127 153
129 153
130 153
133 153
138 153
140 153
141 153
143 153
144 153
148 153
150 153
151 153
0 154
4 154
6 154
12 154
13 154
36 154
37 154
38 154
39 154
56 154
60 154
73 154
80 154
83 154
88 154
103 154
120 154
128 154
149 154
152 154
0 155
3 155
4 155
6 155
7 155
10 155
11 155
12 155
13 155
17 155
18 155
19 155
21 155
22 155
24 155
26 155
30 155
34 155
36 155
37 155
38 155
40 155
58 155
59 155
60 155
69 155
73 155
76 155
80 155
82 155
83 155
86 155
89 155
90 155
91 155
93 155
94 155
98 155
99 155
100 155
103 155
106 155
108 155
109 155
117 155
118 155
119 155
120 155
125 155
126 155
131 155
132 155
133 155
135 155
137 155
138 155
139 155
142 155
146 155
147 155
151 155
152 155
2 156
7 156
8 156
10 156
15 156
16 156
20 156
23 156
24 156
26 156
27 156
28 156
29 156
30 156
31 156
32 156
34 156
35 156
40 156
42 156
43 156
44 156
45 156
46 156
47 156
49 156
50 156
51 156
53 156
54 156
57 156
59 156
61 156
63 156
64 156
65 156
66 156
68 156
69 156
75 156
76 156
81 156
85 156
86 156
89 156
90 156
93 156
94 156
95 156
96 156
97 156
100 156
101 156
102 156
104 156
105 156
106 156
108 156
111 156
112 156
113 156
114 156
115 156
118 156
121 156
122 156
123 156
127 156
129 156
130 156
133 156
138 156
140 156
141 156
143 156
144 156
146 156
148 156
150 156
151 156
153 156
3 157
4 157
6 157
7 157
8 157
10 157
11 157
16 157
17 157
18 157
19 157
21 157
22 157
23 157
24 157
26 157
27 157
30 157
31 157
34 157
35 157
40 157
42 157
43 157
44 157
46 157
47 157
49 157
53 157
54 157
57 157
58 157
59 157
61 157
63 157
64 157
66 157
69 157
76 157
81 157
82 157
85 157
86 157
89 157
90 157
91 157
93 157
94 157
95 157
96 157
98 157
99 157
100 157
101 157
102 157
105 157
106 157
108 157
109 157
113 157
114 157
115 157
117 157
118 157
119 157
122 157
125 157
126 157
130 157
131 157
132 157
133 157
135 157
137 157
138 157
139 157
141 157
142 157
144 157
146 157
147 157
148 157
150 157
151 157
153 157
155 157
156 157
0 158
3 158
4 158
6 158
7 158
10 158
11 158
12 158
13 158
16 158
17 158
18 158
19 158
21 158
22 158
24 158
26 158
30 158
34 158
36 158
37 158
38 158
40 158
42 158
43 158
58 158
59 158
60 158
64 158
69 158
73 158
76 158
80 158
81 158
82 158
83 158
86 158
89 158
90 158
91 158
93 158
94 158
98 158
99 158
100 158
102 158
103 158
106 158
108 158
109 158
114 158
117 158
118 158
119 158
120 158
125 158
126 158
130 158
131 158
132 158
133 158
135 158
137 158
138 158
139 158
142 158
146 158
147 158
151 158
155 158
157 158
2 159
8 159
15 159
20 159
23 159
25 159
27 159
28 159
29 159
31 159
32 159
33 159
35 159
42 159
43 159
44 159
45 159
46 159
47 159
49 159
50 159
51 159
53 159
54 159
57 159
61 159
62 159
63 159
64 159
65 159
66 159
67 159
68 159
72 159
74 159
75 159
78 159
81 159
85 159
95 159
96 159
97 159
101 159
102 159
104 159
105 159
111 159
112 159
113 159
115 159
116 159
121 159
122 159
123 159
127 159
129 159
140 159
141 159
143 159
144 159
145 159
148 159
150 159
153 159
156 159
2 160
8 160
15 160
16 160
20 160
23 160
25 160
27 160
28 160
29 160
31 160
32 160
33 160
35 160
42 160
43 160
44 160
45 160
46 160
47 160
49 160
50 160
51 160
53 160
54 160
57 160
61 160
63 160
64 160
65 160
66 160
67 160
68 160
72 160
74 160
75 160
78 160
81 160
85 160
95 160
96 160
97 160
101 160
102 160
104 160
105 160
111 160
112 160
113 160
114 160
115 160
116 160
121 160
122 160
123 160
127 160
129 160
130 160
140 160
141 160
143 160
144 160
148 160
150 160
151 160
153 160
156 160
159 160
0 161
3 161
4 161
6 161
7 161
10 161
11 161
12 161
13 161
16 161
17 161
18 161
19 161
21 161
22 161
24 161
26 161
30 161
34 161
36 161
37 161
38 161
40 161
42 161
43 161
58 161
59 161
60 161
64 161
69 161
73 161
76 161
80 161
81 161
82 161
83 161
86 161
89 161
90 161
91 161
93 161
94 161
98 161
99 161
100 161
103 161
106 161
108 161
109 161
114 161
117 161
118 161
119 161
120 161
125 161
126 161
130 161
131 161
132 161
133 161
135 161
137 161
138 161
139 161
142 161
146 161
147 161
151 161
155 161
157 161
158 161
0 162
3 162
4 162
6 162
7 162
10 162
11 162
12 162
13 162
16 162
17 162
18 162
19 162
21 162
22 162
23 162
24 162
26 162
27 162
30 162
31 162
34 162
38 162
40 162
42 162
43 162
44 162
46 162
47 162
54 162
57 162
58 162
59 162
61 162
64 162
66 162
69 162
73 162
76 162
80 162
81 162
82 162
85 162
86 162
89 162
90 162
91 162
93 162
94 162
96 162
98 162
99 162
100 162
102 162
105 162
106 162
108 162
109 162
113 162
114 162
117 162
118 162
119 162
120 162
125 162
126 162
130 162
131 162
132 162
133 162
135 162
137 162
138 162
139 162
142 162
144 162
146 162
147 162
148 162
150 162
151 162
155 162
157 162
158 162
161 162
7 163
8 163
10 163
11 163
16 163
17 163
18 163
19 163
20 163
22 163
23 163
24 163
26 163
27 163
29 163
30 163
31 163
32 163
34 163
35 163
40 163
42 163
43 163
44 163
46 163
47 163
49 163
50 163
51 163
53 163
54 163
57 163
58 163
59 163
61 163
63 163
64 163
66 163
68 163
69 163
76 163
81 163
82 163
85 163
86 163
89 163
90 163
91 163
93 163
94 163
95 163
96 163
98 163
99 163
100 163
101 163
102 163
104 163
105 163
106 163
108 163
109 163
112 163
113 163
114 163
115 163
118 163
119 163
122 163
125 163
126 163
130 163
131 163
132 163
133 163
135 163
137 163
138 163
141 163
142 163
144 163
146 163
147 163
148 163
150 163
151 163
153 163
155 163
156 163
157 163
158 163
161 163
162 163
0 164
3 164
4 164
6 164
11 164
12 164
13 164
17 164
18 164
19 164
21 164
22 164
26 164
30 164
36 164
37 164
38 164
39 164
56 164
58 164
60 164
69 164
73 164
76 164
80 164
82 164
83 164
89 164
91 164
93 164
94 164
98 164
99 164
100 164
103 164
108 164
109 164
117 164
119 164
120 164
125 164
126 164
131 164
132 164
135 164
137 164
139 164
142 164
146 164
147 164
152 164
154 164
155 164
157 164
158 164
161 164
162 164
7 165
8 165
10 165
11 165
16 165
17 165
18 165
19 165
20 165
21 165
22 165
23 165
24 165
26 165
27 165
29 165
30 165
31 165
32 165
34 165
35 165
40 165
42 165
43 165
44 165
46 165
47 165
49 165
50 165
51 165
53 165
54 165
57 165
58 165
59 165
61 165
63 165
64 165
66 165
68 165
69 165
76 165
81 165
82 165
85 165
86 165
89 165
90 165
91 165
93 165
94 165
95 165
96 165
98 165
99 165
100 165
101 165
102 165
104 165
105 165
106 165
108 165
109 165
112 165
113 165
114 165
115 165
118 165
119 165
122 165
125 165
126 165
130 165
131 165
132 165
133 165
135 165
137 165
138 165
141 165
142 165
144 165
146 165
147 165
148 165
150 165
151 165
153 165
155 165
156 165
157 165
158 165
161 165
162 165
163 165
1 166
5 166
14 166
41 166
48 166
52 166
55 166
70 166
79 166
87 166
92 166
107 166
110 166
124 166
134 166
3 167
7 167
8 167
10 167
11 167
16 167
17 167
18 167
19 167
21 167
22 167
23 167
24 167
26 167
27 167
30 167
31 167
32 167
34 167
35 167
40 167
42 167
43 167
44 167
46 167
47 167
49 167
50 167
53 167
54 167
57 167
58 167
59 167
61 167
63 167
64 167
66 167
69 167
76 167
81 167
82 167
85 167
86 167
89 167
90 167
91 167
93 167
94 167
95 167
96 167
98 167
99 167
100 167
101 167
102 167
105 167
106 167
108 167
109 167
113 167
114 167
115 167
117 167
118 167
119 167
122 167
125 167
126 167
130 167
131 167
132 167
133 167
135 167
137 167
138 167
139 167
141 167
142 167
144 167
146 167
147 167
148 167
150 167
151 167
153 167
155 167
156 167
157 167
158 167
161 167
162 167
163 167
165 167
7 168
8 168
10 168
11 168
16 168
17 168
18 168
19 168
21 168
22 168
23 168
24 168
26 168
27 168
30 168
31 168
32 168
34 168
35 168
40 168
42 168
43 168
44 168
46 168
47 168
49 168
50 168
53 168
54 168
57 168
58 168
59 168
61 168
63 168
64 168
66 168
69 168
76 168
81 168
82 168
85 168
86 168
89 168
90 168
91 168
93 168
94 168
95 168
96 168
98 168
99 168
100 168
101 168
102 168
104 168
105 168
106 168
108 168
109 168
112 168
113 168
114 168
115 168
117 168
118 168
119 168
122 168
125 168
126 168
130 168
131 168
132 168
133 168
135 168
137 168
138 168
141 168
142 168
144 168
146 168
147 168
148 168
150 168
151 168
153 168
155 168
156 168
157 168
158 168
161 168
162 168
163 168
165 168
167 168
0 169
3 169
4 169
6 169
11 169
12 169
13 169
19 169
21 169
36 169
37 169
38 169
39 169
56 169
60 169
73 169
80 169
82 169
83 169
88 169
98 169
99 169
103 169
109 169
117 169
120 169
125 169
126 169
128 169
131 169
137 169
139 169
149 169
152 169
154 169
155 169
158 169
161 169
164 169
7 170
8 170
10 170
15 170
16 170
17 170
20 170
23 170
24 170
26 170
27 170
28 170
29 170
30 170
31 170
32 170
34 170
35 170
40 170
42 170
43 170
44 170
45 170
46 170
47 170
49 170
50 170
51 170
53 170
54 170
57 170
58 170
59 170
61 170
63 170
64 170
65 170
66 170
68 170
69 170
75 170
76 170
81 170
85 170
86 170
89 170
90 170
91 170
93 170
94 170
95 170
96 170
100 170
101 170
102 170
104 170
105 170
106 170
108 170
111 170
112 170
113 170
114 170
115 170
118 170
121 170
122 170
123 170
127 170
129 170
130 170
132 170
133 170
138 170
140 170
141 170
143 170
144 170
146 170
148 170
150 170
151 170
153 170
156 170
157 170
159 170
160 170
162 170
163 170
165 170
167 170
168 170
0 171
3 171
4 171
6 171
7 171
10 171
11 171
12 171
13 171
16 171
17 171
18 171
19 171
21 171
22 171
24 171
26 171
27 171
30 171
34 171
36 171
37 171
38 171
40 171
42 171
43 171
46 171
47 171
54 171
58 171
59 171
60 171
61 171
64 171
66 171
69 171
73 171
76 171
80 171
81 171
82 171
83 171
86 171
89 171
90 171
91 171
93 171
94 171
98 171
99 171
100 171
102 171
103 171
106 171
108 171
109 171
114 171
117 171
118 171
119 171
120 171
125 171
126 171
130 171
131 171
132 171
133 171
135 171
137 171
138 171
139 171
142 171
146 171
147 171
151 171
155 171
157 171
158 171
161 171
162 171
163 171
164 171
165 171
167 171
168 171
169 171
2 172
8 172
14 172
15 172
20 172
23 172
25 172
28 172
29 172
31 172
32 172
33 172
35 172
45 172
49 172
50 172
51 172
53 172
57 172
62 172
63 172
65 172
67 172
68 172
72 172
74 172
75 172
78 172
79 172
85 172
95 172
96 172
97 172
101 172
104 172
105 172
107 172
111 172
112 172
113 172
115 172
116 172
121 172
122 172
123 172
127 172
129 172
140 172
141 172
143 172
144 172
145 172
150 172
153 172
156 172
159 172
160 172
170 172
7 173
8 173
10 173
15 173
16 173
20 173
23 173
24 173
26 173
27 173
28 173
29 173
30 173
31 173
32 173
34 173
35 173
40 173
42 173
43 173
44 173
45 173
46 173
47 173
49 173
50 173
51 173
53 173
54 173
57 173
59 173
61 173
63 173
64 173
65 173
66 173
68 173
69 173
75 173
76 173
81 173
85 173
86 173
89 173
90 173
91 173
93 173
94 173
95 173
96 173
97 173
100 173
101 173
102 173
104 173
105 173
106 173
108 173
111 173
112 173
113 173
114 173
115 173
118 173
121 173
122 173
123 173
127 173
129 173
130 173
133 173
138 173
140 173
141 173
143 173
144 173
146 173
148 173
150 173
151 173
153 173
156 173
157 173
159 173
160 173
163 173
165 173
167 173
168 173
170 173
172 173
2 174
5 174
8 174
14 174
15 174
20 174
25 174
28 174
29 174
32 174
33 174
45 174
49 174
50 174
51 174
62 174
63 174
65 174
67 174
68 174
70 174
72 174
74 174
75 174
78 174
79 174
87 174
95 174
97 174
101 174
104 174
107 174
111 174
112 174
115 174
116 174
121 174
122 174
123 174
127 174
129 174
140 174
141 174
143 174
145 174
153 174
156 174
159 174
160 174
172 174
7 175
8 175
10 175
11 175
16 175
17 175
18 175
19 175
20 175
22 175
23 175
24 175
26 175
27 175
29 175
30 175
31 175
32 175
34 175
35 175
40 175
42 175
43 175
44 175
46 175
47 175
49 175
50 175
51 175
53 175
54 175
57 175
58 175
59 175
61 175
63 175
64 175
66 175
68 175
69 175
76 175
81 175
85 175
86 175
89 175
90 175
91 175
93 175
94 175
95 175
96 175
98 175
99 175
100 175
101 175
102 175
104 175
105 175
106 175
108 175
109 175
112 175
113 175
114 175
115 175
118 175
119 175
122 175
125 175
130 175
131 175
132 175
133 175
135 175
137 175
138 175
141 175
142 175
144 175
146 175
147 175
148 175
150 175
151 175
153 175
155 175
156 175
157 175
158 175
160 175
161 175
162 175
163 175
165 175
167 175
168 175
170 175
171 175
173 175
0 176
3 176
4 176
6 176
11 176
12 176
13 176
17 176
18 176
19 176
21 176
22 176
36 176
37 176
38 176
39 176
56 176
60 176
73 176
80 176
82 176
83 176
98 176
99 176
103 176
109 176
117 176
119 176
120 176
125 176
126 176
128 176
131 176
135 176
137 176
139 176
142 176
147 176
149 176
152 176
154 176
155 176
158 176
161 176
164 176
169 176
171 176
2 177
5 177
14 177
15 177
20 177
25 177
28 177
29 177
32 177
33 177
41 177
45 177
50 177
51 177
52 177
55 177
62 177
65 177
67 177
68 177
70 177
72 177
74 177
75 177
78 177
79 177
87 177
97 177
104 177
107 177
111 177
112 177
116 177
121 177
123 177
127 177
129 177
140 177
143 177
145 177
159 177
160 177
172 177
174 177
3 178
4 178
6 178
7 178
10 178
11 178
12 178
13 178
16 178
17 178
18 178
19 178
21 178
22 178
23 178
24 178
26 178
27 178
30 178
31 178
34 178
35 178
40 178
42 178
43 178
44 178
46 178
47 178
53 178
54 178
57 178
58 178
59 178
61 178
64 178
66 178
69 178
73 178
76 178
81 178
82 178
85 178
86 178
89 178
90 178
91 178
93 178
94 178
95 178
96 178
98 178
99 178
100 178
101 178
102 178
105 178
106 178
108 178
109 178
113 178
114 178
117 178
118 178
119 178
125 178
126 178
130 178
131 178
132 178
133 178
135 178
137 178
138 178
139 178
141 178
142 178
144 178
146 178
147 178
148 178
150 178
151 178
155 178
156 178
157 178
158 178
161 178
162 178
163 178
164 178
165 178
167 178
168 178
170 178
171 178
173 178
175 178
2 179
7 179
8 179
10 179
15 179
16 179
20 179
23 179
24 179
26 179
27 179
28 179
29 179
30 179
31 179
32 179
34 179
35 179
40 179
42 179
43 179
44 179
45 179
46 179
47 179
49 179
50 179
51 179
53 179
54 179
57 179
59 179
61 179
63 179
64 179
65 179
66 179
68 179
72 179
74 179
75 179
76 179
81 179
85 179
86 179
89 179
90 179
93 179
94 179
95 179
96 179
97 179
101 179
102 179
104 179
105 179
106 179
111 179
112 179
113 179
114 179
115 179
118 179
121 179
122 179
123 179
127 179
129 179
130 179
133 179
138 179
140 179
141 179
143 179
144 179
146 179
148 179
150 179
151 179
153 179
156 179
157 179
159 179
160 179
163 179
165 179
167 179
168 179
170 179
172 179
173 179
174 179
175 179
3 180
4 180
6 180
7 180
10 180
11 180
12 180
13 180
16 180
17 180
18 180
19 180
21 180
22 180
23 180
24 180
26 180
27 180
30 180
31 180
34 180
35 180
40 180
42 180
43 180
44 180
46 180
47 180
53 180
54 180
57 180
58 180
59 180
61 180
64 180
66 180
69 180
73 180
76 180
81 180
82 180
85 180
86 180
89 180
90 180
91 180
93 180
94 180
95 180
96 180
98 180
99 180
100 180
101 180
102 180
105 180
106 180
108 180
109 180
113 180
114 180
117 180
118 180
119 180
125 180
126 180
130 180
131 180
132 180
133 180
135 180
137 180
138 180
139 180
141 180
142 180
144 180
146 180
147 180
148 180
150 180
151 180
155 180
156 180
157 180
158 180
161 180
162 180
163 180
164 180
165 180
167 180
168 180
170 180
171 180
173 180
175 180
178 180
179 180
0 181
3 181
4 181
6 181
11 181
12 181
13 181
18 181
19 181
21 181
22 181
36 181
37 181
38 181
39 181
56 181
60 181
73 181
80 181
82 181
83 181
98 181
99 181
103 181
109 181
117 181
119 181
120 181
125 181
126 181
128 181
131 181
135 181
137 181
139 181
142 181
147 181
149 181
152 181
154 181
155 181
158 181
161 181
164 181
169 181
171 181
176 181
7 182
8 182
10 182
15 182
16 182
20 182
23 182
24 182
26 182
27 182
28 182
29 182
30 182
31 182
32 182
34 182
35 182
40 182
42 182
43 182
44 182
45 182
46 182
47 182
49 182
50 182
51 182
53 182
54 182
57 182
58 182
59 182
61 182
63 182
64 182
65 182
66 182
68 182
69 182
75 182
76 182
81 182
85 182
86 182
89 182
90 182
91 182
93 182
94 182
95 182
96 182
97 182
100 182
101 182
102 182
104 182
105 182
106 182
108 182
111 182
112 182
113 182
114 182
115 182
118 182
121 182
122 182
123 182
127 182
129 182
130 182
132 182
133 182
138 182
140 182
141 182
143 182
144 182
146 182
148 182
150 182
151 182
153 182
156 182
157 182
159 182
160 182
163 182
165 182
167 182
168 182
170 182
172 182
173 182
175 182
178 182
179 182
180 182
7 183
8 183
10 183
15 183
16 183
17 183
18 183
20 183
23 183
24 183
26 183
27 183
28 183
29 183
30 183
31 183
32 183
34 183
35 183
40 183
42 183
43 183
44 183
45 183
46 183
47 183
49 183
50 183
51 183
53 183
54 183
57 183
58 183
59 183
61 183
63 183
64 183
66 183
68 183
69 183
75 183
76 183
81 183
85 183
86 183
89 183
90 183
91 183
93 183
94 183
95 183
96 183
100 183
101 183
102 183
104 183
105 183
106 183
108 183
112 183
113 183
114 183
115 183
118 183
119 183
121 183
122 183
123 183
129 183
130 183
132 183
133 183
135 183
138 183
140 183
141 183
142 183
143 183
144 183
146 183
148 183
150 183
151 183
153 183
156 183
157 183
159 183
160 183
162 183
163 183
165 183
167 183
168 183
170 183
172 183
173 183
175 183
178 183
179 183
180 183
182 183
0 184
3 184
4 184
6 184
11 184
12 184
13 184
17 184
18 184
19 184
21 184
22 184
24 184
26 184
30 184
36 184
37 184
38 184
39 184
58 184
60 184
69 184
73 184
76 184
80 184
82 184
83 184
89 184
90 184
91 184
93 184
94 184
98 184
99 184
100 184
103 184
108 184
109 184
117 184
119 184
120 184
125 184
126 184
131 184
132 184
133 184
135 184
137 184
139 184
142 184
146 184
147 184
152 184
155 184
157 184
158 184
161 184
162 184
164 184
167 184
168 184
169 184
171 184
176 184
178 184
180 184
181 184
7 185
8 185
10 185
11 185
16 185
17 185
18 185
19 185
20 185
22 185
23 185
24 185
26 185
27 185
29 185
30 185
31 185
32 185
34 185
35 185
40 185
42 185
43 185
44 185
46 185
47 185
49 185
50 185
51 185
53 185
54 185
57 185
58 185
59 185
61 185
63 185
64 185
66 185
68 185
69 185
76 185
81 185
82 185
85 185
86 185
89 185
90 185
91 185
93 185
94 185
95 185
96 185
98 185
99 185
100 185
101 185
102 185
104 185
105 185
106 185
108 185
109 185
112 185
113 185
114 185
115 185
118 185
119 185
122 185
125 185
126 185
130 185
131 185
132 185
133 185
135 185
137 185
138 185
141 185
142 185
144 185
146 185
147 185
148 185
150 185
151 185
153 185
155 185
156 185
157 185
158 185
161 185
162 185
163 185
165 185
167 185
168 185
170 185
171 185
173 185
175 185
178 185
179 185
180 185
182 185
183 185
0 186
4 186
6 186
12 186
13 186
36 186
37 186
38 186
39 186
56 186
60 186
73 186
80 186
83 186
88 186
103 186
120 186
128 186
149 186
152 186
154 186
164 186
169 186
176 186
181 186
9 187
2 188
8 188
14 188
15 188
20 188
23 188
25 188
28 188
29 188
31 188
32 188
33 188
35 188
45 188
49 188
50 188
51 188
53 188
62 188
63 188
65 188
67 188
68 188
72 188
74 188
75 188
78 188
79 188
85 188
95 188
96 188
97 188
101 188
104 188
105 188
107 188
111 188
112 188
115 188
116 188
121 188
122 188
123 188
127 188
129 188
140 188
141 188
143 188
144 188
145 188
153 188
156 188
159 188
160 188
170 188
172 188
173 188
174 188
177 188
179 188
182 188
2 189
8 189
14 189
15 189
20 189
23 189
25 189
28 189
29 189
31 189
32 189
33 189
35 189
44 189
45 189
49 189
50 189
51 189
53 189
57 189
62 189
63 189
65 189
67 189
68 189
72 189
74 189
75 189
78 189
79 189
85 189
95 189
96 189
97 189
101 189
104 189
105 189
111 189
112 189
113 189
115 189
116 189
121 189
122 189
123 189
127 189
129 189
140 189
141 189
143 189
144 189
145 189
148 189
150 189
153 189
156 189
159 189
160 189
170 189
172 189
173 189
174 189
177 189
179 189
182 189
183 189
188 189
0 190
3 190
4 190
6 190
11 190
12 190
13 190
19 190
21 190
22 190
36 190
37 190
38 190
39 190
56 190
60 190
73 190
80 190
82 190
83 190
88 190
98 190
99 190
103 190
109 190
117 190
120 190
125 190
126 190
128 190
131 190
137 190
139 190
149 190
152 190
154 190
155 190
158 190
161 190
164 190
169 190
171 190
176 190
181 190
184 190
186 190
2 191
5 191
14 191
15 191
25 191
33 191
41 191
45 191
52 191
55 191
62 191
65 191
67 191
70 191
72 191
74 191
78 191
79 191
87 191
97 191
107 191
110 191
111 191
116 191
121 191
123 191
124 191
127 191
129 191
145 191
166 191
172 191
174 191
177 191
188 191
189 191
2 192
5 192
14 192
15 192
20 192
25 192
28 192
33 192
41 192
45 192
51 192
52 192
55 192
62 192
65 192
67 192
68 192
70 192
72 192
74 192
75 192
78 192
79 192
87 192
97 192
107 192
110 192
111 192
116 192
121 192
123 192
127 192
129 192
140 192
143 192
145 192
159 192
160 192
172 192
174 192
177 192
188 192
189 192
191 192
2 193
8 193
15 193
20 193
23 193
25 193
27 193
28 193
29 193
31 193
32 193
33 193
35 193
42 193
44 193
45 193
46 193
47 193
49 193
50 193
51 193
53 193
54 193
57 193
61 193
62 193
63 193
64 193
65 193
66 193
67 193
68 193
72 193
74 193
75 193
78 193
81 193
85 193
95 193
96 193
97 193
101 193
102 193
104 193
105 193
111 193
112 193
113 193
115 193
116 193
121 193
122 193
123 193
127 193
129 193
140 193
141 193
143 193
144 193
145 193
148 193
150 193
153 193
156 193
159 193
160 193
170 193
172 193
173 193
174 193
177 193
179 193
182 193
183 193
188 193
189 193
192 193
0 194
3 194
4 194
6 194
11 194
12 194
13 194
18 194
19 194
21 194
22 194
36 194
37 194
38 194
39 194
56 194
60 194
73 194
80 194
82 194
83 194
98 194
99 194
103 194
109 194
117 194
119 194
120 194
125 194
126 194
128 194
131 194
135 194
137 194
139 194
142 194
147 194
149 194
152 194
154 194
155 194
158 194
161 194
164 194
169 194
171 194
176 194
181 194
184 194
186 194
190 194
1 195
2 195
5 195
14 195
25 195
33 195
41 195
52 195
55 195
62 195
67 195
70 195
72 195
74 195
78 195
79 195
87 195
92 195
107 195
110 195
116 195
124 195
145 195
166 195
174 195
177 195
191 195
192 195
7 196
8 196
10 196
15 196
16 196
17 196
18 196
20 196
22 196
23 196
24 196
26 196
27 196
28 196
29 196
30 196
31 196
32 196
34 196
35 196
40 196
42 196
43 196
44 196
45 196
46 196
47 196
49 196
50 196
51 196
53 196
54 196
57 196
58 196
59 196
61 196
63 196
64 196
66 196
68 196
69 196
75 196
76 196
81 196
85 196
86 196
89 196
90 196
91 196
93 196
94 196
95 196
96 196
100 196
101 196
102 196
104 196
105 196
106 196
108 196
112 196
113 196
114 196
115 196
118 196
119 196
121 196
122 196
130 196
132 196
133 196
135 196
138 196
140 196
141 196
142 196
143 196
144 196
146 196
147 196
148 196
150 196
151 196
153 196
156 196
157 196
159 196
160 196
162 196
163 196
165 196
167 196
168 196
170 196
171 196
173 196
175 196
178 196
179 196
180 196
182 196
183 196
185 196
193 196
2 197
7 197
8 197
10 197
15 197
16 197
20 197
23 197
24 197
26 197
27 197
28 197
29 197
30 197
31 197
32 197
34 197
35 197
40 197
42 197
43 197
44 197
45 197
46 197
47 197
49 197
50 197
51 197
53 197
54 197
57 197
59 197
61 197
63 197
64 197
65 197
66 197
68 197
69 197
75 197
76 197
81 197
85 197
86 197
89 197
90 197
93 197
94 197
95 197
96 197
97 197
100 197
101 197
102 197
104 197
105 197
106 197
108 197
111 197
112 197
113 197
114 197
115 197
118 197
121 197
122 197
123 197
127 197
129 197
130 197
133 197
138 197
140 197
141 197
143 197
144 197
146 197
148 197
150 197
151 197
153 197
156 197
157 197
159 197
160 197
163 197
165 197
167 197
168 197
170 197
172 197
173 197
174 197
175 197
178 197
179 197
180 197
182 197
183 197
185 197
188 197
189 197
193 197
196 197
2 198
5 198
14 198
25 198
33 198
41 198
52 198
55 198
62 198
65 198
67 198
70 198
72 198
74 198
78 198
79 198
87 198
97 198
107 198
110 198
116 198
124 198
127 198
145 198
166 198
174 198
177 198
191 198
192 198
195 198
1 199
5 199
14 199
41 199
48 199
52 199
55 199
62 199
70 199
79 199
87 199
92 199
107 199
110 199
124 199
134 199
145 199
166 199
191 199
195 199
198 199