norm 0.0 1.0 200
0 4
3 6
0 7
4 7
3 8
6 8
2 9
3 9
6 9
8 9
3 10
6 10
8 10
9 10
3 11
6 11
8 11
9 11
10 11
2 12
3 12
6 12
8 12
9 12
10 12
11 12
0 13
1 13
4 13
2 14
3 14
6 14
8 14
9 14
10 14
11 14
12 14
2 15
9 15
6 16
7 16
10 16
11 16
3 17
6 17
7 17
8 17
10 17
11 17
12 17
16 17
0 18
4 18
7 18
13 18
0 19
1 19
4 19
13 19
18 19
2 20
3 20
8 20
9 20
10 20
12 20
14 20
15 20
3 21
6 21
7 21
8 21
10 21
11 21
12 21
16 21
17 21
3 22
6 22
8 22
9 22
10 22
11 22
12 22
14 22
16 22
17 22
21 22
2 23
9 23
14 23
15 23
20 23
3 24
6 24
8 24
9 24
10 24
11 24
12 24
14 24
16 24
17 24
21 24
22 24
2 25
3 25
8 25
9 25
10 25
12 25
14 25
15 25
20 25
23 25
6 26
7 26
11 26
16 26
17 26
21 26
22 26
24 26
2 27
3 27
8 27
9 27
10 27
12 27
14 27
15 27
20 27
22 27
23 27
24 27
25 27
5 28
4 29
7 29
16 29
17 29
18 29
21 29
26 29
4 30
6 30
7 30
11 30
16 30
17 30
21 30
22 30
24 30
26 30
29 30
2 31
3 31
6 31
8 31
9 31
10 31
11 31
12 31
14 31
15 31
20 31
22 31
23 31
24 31
25 31
27 31
3 32
6 32
8 32
9 32
10 32
11 32
12 32
14 32
17 32
20 32
21 32
22 32
24 32
25 32
27 32
31 32
2 33
3 33
9 33
12 33
14 33
15 33
20 33
23 33
25 33
27 33
31 33
32 33
3 34
6 34
8 34
9 34
10 34
11 34
12 34
14 34
16 34
17 34
21 34
22 34
24 34
26 34
30 34
31 34
32 34
3 35
6 35
8 35
9 35
10 35
11 35
12 35
14 35
16 35
17 35
21 35
22 35
24 35
26 35
27 35
30 35
31 35
32 35
34 35
2 36
3 36
6 36
8 36
9 36
10 36
11 36
12 36
14 36
20 36
22 36
23 36
24 36
25 36
27 36
31 36
32 36
33 36
34 36
35 36
2 37
9 37
14 37
15 37
20 37
23 37
25 37
27 37
31 37
33 37
36 37
0 38
4 38
7 38
13 38
18 38
19 38
29 38
2 39
9 39
15 39
20 39
23 39
25 39
27 39
28 39
31 39
33 39
37 39
0 40
1 40
4 40
13 40
18 40
19 40
38 40
4 41
6 41
7 41
11 41
16 41
17 41
21 41
26 41
29 41
30 41
34 41
38 41
2 42
5 42
9 42
15 42
20 42
23 42
25 42
27 42
28 42
33 42
37 42
39 42
3 43
6 43
7 43
8 43
10 43
11 43
12 43
14 43
16 43
17 43
21 43
22 43
24 43
26 43
29 43
30 43
32 43
34 43
35 43
36 43
41 43
2 44
3 44
6 44
8 44
9 44
10 44
11 44
12 44
14 44
15 44
20 44
22 44
23 44
24 44
25 44
27 44
31 44
32 44
33 44
34 44
35 44
36 44
37 44
0 45
1 45
4 45
13 45
18 45
19 45
38 45
40 45
2 46
3 46
6 46
8 46
9 46
10 46
11 46
12 46
14 46
15 46
20 46
22 46
23 46
24 46
25 46
27 46
31 46
32 46
33 46
34 46
35 46
36 46
37 46
44 46
3 47
6 47
7 47
8 47
10 47
11 47
16 47
17 47
21 47
22 47
24 47
26 47
29 47
30 47
32 47
34 47
35 47
41 47
43 47
0 48
4 48
7 48
13 48
18 48
19 48
38 48
40 48
45 48
2 49
9 49
14 49
15 49
20 49
23 49
25 49
27 49
31 49
33 49
36 49
37 49
39 49
42 49
44 49
46 49
2 50
3 50
6 50
8 50
9 50
10 50
11 50
12 50
14 50
15 50
20 50
22 50
23 50
24 50
25 50
27 50
31 50
32 50
33 50
34 50
35 50
36 50
37 50
39 50
44 50
46 50
49 50
0 51
4 51
7 51
13 51
16 51
17 51
18 51
21 51
26 51
29 51
30 51
38 51
41 51
47 51
48 51
2 52
3 52
8 52
9 52
10 52
12 52
14 52
15 52
20 52
23 52
25 52
27 52
31 52
32 52
33 52
36 52
37 52
39 52
42 52
44 52
46 52
49 52
50 52
3 53
6 53
8 53
9 53
10 53
11 53
12 53
14 53
16 53
17 53
21 53
22 53
24 53
26 53
27 53
30 53
31 53
32 53
34 53
35 53
36 53
43 53
44 53
46 53
47 53
50 53
2 54
9 54
15 54
20 54
23 54
25 54
27 54
31 54
33 54
37 54
39 54
42 54
44 54
46 54
49 54
50 54
52 54
2 55
9 55
12 55
14 55
15 55
20 55
23 55
25 55
27 55
31 55
33 55
36 55
37 55
39 55
42 55
44 55
46 55
49 55
50 55
52 55
54 55
0 56
4 56
7 56
16 56
17 56
18 56
21 56
26 56
29 56
30 56
38 56
41 56
47 56
48 56
51 56
2 57
3 57
6 57
8 57
9 57
10 57
11 57
12 57
14 57
15 57
20 57
22 57
23 57
24 57
25 57
27 57
31 57
32 57
33 57
34 57
35 57
36 57
37 57
39 57
44 57
46 57
49 57
50 57
52 57
53 57
54 57
55 57
2 58
3 58
8 58
9 58
10 58
12 58
14 58
15 58
20 58
23 58
25 58
27 58
31 58
32 58
33 58
36 58
37 58
39 58
42 58
44 58
46 58
49 58
50 58
52 58
54 58
55 58
57 58
3 59
6 59
8 59
9 59
10 59
11 59
12 59
14 59
16 59
17 59
20 59
21 59
22 59
24 59
25 59
26 59
27 59
31 59
32 59
34 59
35 59
36 59
43 59
44 59
46 59
47 59
50 59
52 59
53 59
57 59
58 59
4 60
7 60
16 60
17 60
18 60
21 60
26 60
29 60
30 60
34 60
38 60
41 60
43 60
47 60
51 60
56 60
0 61
1 61
4 61
13 61
18 61
19 61
38 61
40 61
45 61
48 61
1 62
19 62
40 62
45 62
61 62
0 63
4 63
7 63
13 63
16 63
18 63
19 63
26 63
29 63
30 63
38 63
40 63
41 63
45 63
48 63
51 63
56 63
60 63
61 63
1 64
13 64
19 64
40 64
45 64
61 64
62 64
5 65
15 65
28 65
37 65
39 65
42 65
49 65
54 65
3 66
6 66
8 66
9 66
10 66
11 66
12 66
14 66
16 66
17 66
21 66
22 66
24 66
26 66
30 66
31 66
32 66
34 66
35 66
36 66
41 66
43 66
44 66
46 66
47 66
50 66
53 66
57 66
59 66
60 66
5 67
2 68
9 68
15 68
20 68
23 68
25 68
27 68
28 68
31 68
33 68
37 68
39 68
42 68
49 68
50 68
52 68
54 68
55 68
57 68
58 68
65 68
0 69
4 69
7 69
13 69
18 69
19 69
29 69
38 69
40 69
45 69
48 69
51 69
56 69
61 69
63 69
3 70
6 70
7 70
8 70
10 70
11 70
12 70
14 70
16 70
17 70
21 70
22 70
24 70
26 70
29 70
30 70
32 70
34 70
35 70
36 70
41 70
43 70
44 70
47 70
53 70
59 70
60 70
66 70
3 71
6 71
8 71
9 71
10 71
11 71
12 71
14 71
16 71
17 71
20 71
21 71
22 71
24 71
26 71
27 71
30 71
31 71
32 71
34 71
35 71
36 71
43 71
44 71
46 71
47 71
50 71
53 71
57 71
58 71
59 71
66 71
70 71
0 72
4 72
7 72
16 72
17 72
18 72
21 72
26 72
29 72
30 72
38 72
41 72
47 72
48 72
51 72
56 72
60 72
63 72
69 72
2 73
5 73
9 73
15 73
20 73
23 73
25 73
27 73
28 73
33 73
37 73
39 73
42 73
49 73
50 73
52 73
54 73
55 73
58 73
65 73
68 73
0 74
4 74
7 74
13 74
18 74
19 74
29 74
38 74
40 74
45 74
48 74
51 74
56 74
60 74
61 74
63 74
69 74
72 74
4 75
6 75
7 75
11 75
16 75
17 75
21 75
24 75
26 75
29 75
30 75
34 75
38 75
41 75
43 75
47 75
51 75
56 75
60 75
63 75
66 75
70 75
72 75
62 76
64 76
2 77
5 77
9 77
15 77
20 77
23 77
25 77
27 77
28 77
33 77
37 77
39 77
42 77
49 77
50 77
52 77
54 77
55 77
58 77
65 77
68 77
73 77
2 78
3 78
8 78
9 78
10 78
12 78
14 78
15 78
20 78
23 78
25 78
27 78
31 78
32 78
33 78
36 78
37 78
39 78
42 78
44 78
46 78
49 78
50 78
52 78
53 78
54 78
55 78
57 78
58 78
59 78
68 78
71 78
73 78
77 78
0 79
1 79
13 79
19 79
40 79
45 79
61 79
62 79
64 79
3 80
6 80
7 80
8 80
10 80
11 80
12 80
16 80
17 80
21 80
22 80
24 80
26 80
29 80
30 80
32 80
34 80
35 80
41 80
43 80
47 80
51 80
53 80
56 80
59 80
60 80
66 80
70 80
71 80
72 80
75 80
2 81
5 81
15 81
20 81
23 81
25 81
27 81
28 81
33 81
37 81
39 81
42 81
49 81
52 81
54 81
55 81
58 81
65 81
68 81
73 81
77 81
78 81
3 82
6 82
8 82
10 82
11 82
12 82
14 82
16 82
17 82
21 82
22 82
24 82
26 82
30 82
31 82
32 82
34 82
35 82
36 82
41 82
43 82
44 82
46 82
47 82
53 82
57 82
59 82
60 82
66 82
70 82
71 82
75 82
80 82
0 83
1 83
4 83
13 83
18 83
19 83
38 83
40 83
45 83
48 83
51 83
61 83
63 83
64 83
69 83
74 83
79 83
3 84
6 84
7 84
8 84
10 84
11 84
12 84
16 84
17 84
21 84
22 84
24 84
26 84
29 84
30 84
32 84
34 84
35 84
41 84
43 84
47 84
51 84
53 84
56 84
59 84
60 84
66 84
70 84
71 84
72 84
75 84
80 84
82 84
3 85
6 85
7 85
8 85
10 85
11 85
12 85
14 85
16 85
17 85
21 85
22 85
24 85
26 85
29 85
30 85
32 85
34 85
35 85
36 85
41 85
43 85
47 85
53 85
59 85
60 85
66 85
70 85
71 85
75 85
80 85
82 85
84 85
2 86
9 86
15 86
20 86
23 86
25 86
27 86
28 86
33 86
37 86
39 86
42 86
49 86
50 86
52 86
54 86
55 86
58 86
65 86
68 86
73 86
77 86
78 86
81 86
0 87
1 87
4 87
13 87
18 87
19 87
38 87
40 87
45 87
48 87
61 87
62 87
63 87
64 87
69 87
74 87
79 87
83 87
4 88
7 88
16 88
17 88
18 88
21 88
26 88
29 88
30 88
38 88
41 88
43 88
47 88
48 88
51 88
56 88
60 88
63 88
69 88
70 88
72 88
74 88
75 88
80 88
84 88
85 88
4 89
7 89
16 89
17 89
18 89
21 89
26 89
29 89
30 89
38 89
41 89
43 89
47 89
51 89
56 89
60 89
63 89
69 89
70 89
72 89
74 89
75 89
80 89
82 89
84 89
85 89
88 89
3 90
6 90
7 90
8 90
10 90
11 90
12 90
14 90
16 90
17 90
21 90
22 90
24 90
26 90
29 90
30 90
32 90
34 90
35 90
41 90
43 90
47 90
51 90
53 90
56 90
59 90
60 90
66 90
70 90
71 90
72 90
75 90
80 90
82 90
84 90
85 90
88 90
89 90
2 91
9 91
15 91
20 91
23 91
25 91
27 91
28 91
31 91
33 91
37 91
39 91
42 91
49 91
50 91
52 91
54 91
55 91
57 91
58 91
65 91
68 91
73 91
77 91
78 91
81 91
86 91
67 92
2 93
9 93
15 93
20 93
23 93
25 93
27 93
28 93
31 93
33 93
37 93
39 93
42 93
44 93
46 93
49 93
50 93
52 93
54 93
55 93
57 93
58 93
65 93
68 93
73 93
77 93
78 93
81 93
86 93
91 93
0 94
4 94
7 94
16 94
17 94
18 94
21 94
26 94
29 94
30 94
38 94
41 94
43 94
47 94
48 94
51 94
56 94
60 94
63 94
69 94
70 94
72 94
74 94
75 94
80 94
84 94
85 94
88 94
89 94
90 94
2 95
3 95
6 95
8 95
9 95
10 95
11 95
12 95
14 95
15 95
20 95
22 95
23 95
24 95
25 95
27 95
31 95
32 95
33 95
34 95
35 95
36 95
37 95
44 95
46 95
49 95
50 95
52 95
53 95
54 95
55 95
57 95
58 95
59 95
66 95
70 95
71 95
78 95
82 95
85 95
93 95
5 96
15 96
28 96
39 96
42 96
54 96
65 96
68 96
73 96
77 96
81 96
86 96
91 96
93 96
5 97
28 97
65 97
67 97
92 97
96 97
2 98
3 98
6 98
8 98
9 98
10 98
11 98
12 98
14 98
15 98
20 98
22 98
23 98
24 98
25 98
27 98
31 98
32 98
33 98
34 98
35 98
36 98
37 98
39 98
44 98
46 98
49 98
50 98
52 98
53 98
54 98
55 98
57 98
58 98
59 98
66 98
68 98
71 98
73 98
77 98
78 98
82 98
86 98
91 98
93 98
95 98
0 99
4 99
7 99
16 99
17 99
18 99
21 99
26 99
29 99
30 99
38 99
41 99
43 99
47 99
48 99
51 99
56 99
60 99
63 99
69 99
70 99
72 99
74 99
75 99
80 99
84 99
85 99
88 99
89 99
90 99
94 99
4 100
7 100
16 100
17 100
18 100
21 100
26 100
29 100
30 100
34 100
38 100
41 100
43 100
47 100
51 100
56 100
60 100
63 100
66 100
70 100
72 100
74 100
75 100
80 100
82 100
84 100
85 100
88 100
89 100
90 100
94 100
99 100
3 101
6 101
8 101
9 101
10 101
11 101
12 101
14 101
17 101
20 101
21 101
22 101
24 101
25 101
27 101
31 101
32 101
34 101
35 101
36 101
43 101
44 101
46 101
47 101
50 101
52 101
53 101
57 101
58 101
59 101
66 101
70 101
71 101
78 101
80 101
82 101
84 101
85 101
90 101
95 101
98 101
3 102
6 102
8 102
9 102
10 102
11 102
12 102
14 102
16 102
17 102
20 102
21 102
22 102
24 102
25 102
27 102
31 102
32 102
34 102
35 102
36 102
43 102
44 102
46 102
47 102
50 102
52 102
53 102
57 102
58 102
59 102
66 102
70 102
71 102
78 102
80 102
82 102
84 102
85 102
90 102
95 102
98 102
101 102
1 103
13 103
19 103
40 103
45 103
61 103
62 103
64 103
79 103
83 103
87 103
62 104
64 104
76 104
6 105
7 105
10 105
11 105
16 105
17 105
21 105
22 105
24 105
26 105
29 105
30 105
34 105
35 105
41 105
43 105
47 105
51 105
53 105
56 105
59 105
60 105
63 105
66 105
70 105
71 105
72 105
75 105
80 105
82 105
84 105
85 105
88 105
89 105
90 105
94 105
99 105
100 105
102 105
3 106
6 106
8 106
9 106
10 106
11 106
12 106
14 106
16 106
17 106
21 106
22 106
24 106
26 106
27 106
30 106
31 106
32 106
34 106
35 106
36 106
41 106
43 106
44 106
46 106
47 106
50 106
53 106
57 106
59 106
66 106
70 106
71 106
75 106
80 106
82 106
84 106
85 106
90 106
95 106
98 106
101 106
102 106
105 106
2 107
3 107
6 107
8 107
9 107
10 107
11 107
12 107
14 107
15 107
20 107
22 107
23 107
24 107
25 107
27 107
31 107
32 107
33 107
34 107
35 107
36 107
37 107
39 107
44 107
46 107
49 107
50 107
52 107
53 107
54 107
55 107
57 107
58 107
59 107
66 107
68 107
71 107
73 107
77 107
78 107
86 107
91 107
93 107
95 107
98 107
101 107
102 107
106 107
2 108
3 108
6 108
8 108
9 108
10 108
11 108
12 108
14 108
15 108
20 108
22 108
23 108
24 108
25 108
27 108
31 108
32 108
33 108
34 108
35 108
36 108
37 108
39 108
44 108
46 108
49 108
50 108
52 108
53 108
54 108
55 108
57 108
58 108
59 108
66 108
68 108
71 108
73 108
77 108
78 108
86 108
91 108
93 108
95 108
98 108
101 108
102 108
106 108
107 108
3 109
6 109
7 109
8 109
10 109
11 109
12 109
14 109
16 109
17 109
21 109
22 109
24 109
26 109
29 109
30 109
32 109
34 109
35 109
36 109
41 109
43 109
47 109
53 109
59 109
60 109
66 109
70 109
71 109
75 109
80 109
82 109
84 109
85 109
88 109
89 109
90 109
94 109
99 109
100 109
101 109
102 109
105 109
106 109
0 110
1 110
13 110
19 110
40 110
45 110
48 110
61 110
62 110
64 110
79 110
83 110
87 110
103 110
2 111
3 111
8 111
9 111
10 111
12 111
14 111
15 111
20 111
23 111
25 111
27 111
31 111
32 111
33 111
36 111
37 111
39 111
42 111
44 111
46 111
49 111
50 111
52 111
54 111
55 111
57 111
58 111
59 111
68 111
71 111
73 111
77 111
78 111
81 111
86 111
91 111
93 111
95 111
98 111
101 111
102 111
107 111
108 111
2 112
5 112
15 112
23 112
28 112
33 112
37 112
39 112
42 112
49 112
54 112
55 112
65 112
68 112
73 112
77 112
81 112
86 112
91 112
93 112
96 112
97 112
3 113
6 113
7 113
8 113
10 113
11 113
12 113
14 113
16 113
17 113
21 113
22 113
24 113
26 113
29 113
30 113
32 113
34 113
35 113
36 113
41 113
43 113
47 113
53 113
59 113
60 113
66 113
70 113
71 113
72 113
75 113
80 113
82 113
84 113
85 113
88 113
89 113
90 113
94 113
99 113
100 113
101 113
102 113
105 113
106 113
109 113
2 114
9 114
15 114
20 114
23 114
25 114
27 114
28 114
31 114
33 114
37 114
39 114
42 114
44 114
46 114
49 114
50 114
52 114
54 114
55 114
57 114
58 114
65 114
68 114
73 114
77 114
78 114
81 114
86 114
91 114
93 114
96 114
98 114
107 114
108 114
111 114
112 114
3 115
6 115
8 115
10 115
11 115
12 115
14 115
16 115
17 115
21 115
22 115
24 115
26 115
29 115
30 115
31 115
32 115
34 115
35 115
36 115
41 115
43 115
44 115
46 115
47 115
53 115
57 115
59 115
60 115
66 115
70 115
71 115
75 115
80 115
82 115
84 115
85 115
89 115
90 115
95 115
100 115
101 115
102 115
105 115
106 115
109 115
113 115
62 116
64 116
76 116
104 116
0 117
4 117
7 117
13 117
18 117
19 117
29 117
38 117
40 117
41 117
45 117
48 117
51 117
56 117
60 117
61 117
63 117
69 117
72 117
74 117
75 117
83 117
87 117
88 117
89 117
94 117
99 117
100 117
3 118
6 118
8 118
9 118
10 118
11 118
12 118
14 118
17 118
20 118
21 118
22 118
24 118
25 118
27 118
31 118
32 118
34 118
35 118
36 118
43 118
44 118
46 118
47 118
50 118
52 118
53 118
57 118
58 118
59 118
66 118
70 118
71 118
78 118
80 118
82 118
84 118
85 118
90 118
95 118
98 118
101 118
102 118
106 118
107 118
108 118
109 118
111 118
113 118
115 118
3 119
6 119
7 119
8 119
10 119
11 119
12 119
14 119
16 119
17 119
21 119
22 119
24 119
26 119
29 119
30 119
32 119
34 119
35 119
36 119
41 119
43 119
44 119
46 119
47 119
53 119
59 119
60 119
66 119
70 119
71 119
75 119
80 119
82 119
84 119
85 119
88 119
89 119
90 119
95 119
99 119
100 119
101 119
102 119
105 119
106 119
109 119
113 119
115 119
118 119
2 120
3 120
6 120
8 120
9 120
10 120
11 120
12 120
14 120
20 120
22 120
23 120
24 120
25 120
27 120
31 120
32 120
33 120
34 120
35 120
36 120
37 120
43 120
44 120
46 120
49 120
50 120
52 120
53 120
55 120
57 120
58 120
59 120
66 120
70 120
71 120
78 120
82 120
85 120
90 120
95 120
98 120
101 120
102 120
106 120
107 120
108 120
109 120
111 120
113 120
115 120
118 120
119 120
0 121
1 121
4 121
13 121
18 121
19 121
38 121
40 121
45 121
48 121
61 121
62 121
63 121
64 121
69 121
74 121
79 121
83 121
87 121
103 121
110 121
117 121
1 122
62 122
64 122
76 122
79 122
103 122
104 122
110 122
116 122
0 123
4 123
7 123
16 123
17 123
18 123
21 123
26 123
29 123
30 123
38 123
41 123
47 123
48 123
51 123
56 123
60 123
63 123
69 123
72 123
74 123
75 123
80 123
84 123
88 123
89 123
90 123
94 123
99 123
100 123
105 123
117 123
6 124
7 124
8 124
10 124
11 124
16 124
17 124
21 124
22 124
24 124
26 124
29 124
30 124
34 124
35 124
41 124
43 124
47 124
51 124
53 124
56 124
59 124
60 124
63 124
66 124
70 124
71 124
72 124
75 124
80 124
82 124
84 124
85 124
88 124
89 124
90 124
94 124
99 124
100 124
102 124
105 124
106 124
109 124
113 124
115 124
118 124
119 124
123 124
5 125
15 125
23 125
28 125
37 125
39 125
42 125
49 125
54 125
65 125
68 125
73 125
77 125
81 125
86 125
91 125
93 125
96 125
97 125
112 125
114 125
2 126
5 126
15 126
23 126
25 126
28 126
33 126
37 126
39 126
42 126
49 126
52 126
54 126
55 126
65 126
68 126
73 126
77 126
81 126
86 126
91 126
93 126
96 126
112 126
114 126
125 126
76 127
104 127
116 127
2 128
5 128
15 128
23 128
28 128
33 128
37 128
39 128
42 128
49 128
54 128
55 128
65 128
68 128
73 128
77 128
81 128
86 128
91 128
93 128
96 128
97 128
112 128
114 128
125 128
126 128
4 129
6 129
7 129
11 129
16 129
17 129
21 129
22 129
24 129
26 129
29 129
30 129
34 129
35 129
38 129
41 129
43 129
47 129
51 129
53 129
56 129
60 129
63 129
66 129
70 129
72 129
75 129
80 129
82 129
84 129
85 129
88 129
89 129
90 129
94 129
99 129
100 129
105 129
106 129
109 129
113 129
115 129
119 129
123 129
124 129
2 130
9 130
15 130
20 130
23 130
25 130
27 130
31 130
33 130
36 130
37 130
39 130
42 130
44 130
46 130
49 130
50 130
52 130
54 130
55 130
57 130
58 130
65 130
68 130
73 130
77 130
78 130
81 130
86 130
91 130
93 130
95 130
96 130
98 130
107 130
108 130
111 130
112 130
114 130
125 130
126 130
128 130
2 131
5 131
15 131
20 131
23 131
25 131
28 131
33 131
37 131
39 131
42 131
49 131
52 131
54 131
55 131
58 131
65 131
68 131
73 131
77 131
78 131
81 131
86 131
91 131
93 131
96 131
111 131
112 131
114 131
125 131
126 131
128 131
130 131
0 132
4 132
7 132
16 132
17 132
18 132
21 132
26 132
29 132
30 132
38 132
41 132
43 132
47 132
48 132
51 132
56 132
60 132
63 132
69 132
70 132
72 132
74 132
75 132
80 132
84 132
85 132
88 132
89 132
90 132
94 132
99 132
100 132
105 132
109 132
113 132
117 132
123 132
124 132
129 132
2 133
9 133
15 133
20 133
23 133
25 133
27 133
28 133
31 133
33 133
37 133
39 133
42 133
49 133
50 133
52 133
54 133
55 133
57 133
58 133
65 133
68 133
73 133
77 133
78 133
81 133
86 133
91 133
93 133
96 133
98 133
107 133
108 133
111 133
112 133
114 133
125 133
126 133
128 133
130 133
131 133
1 134
62 134
64 134
76 134
79 134
103 134
104 134
110 134
116 134
122 134
0 135
4 135
7 135
13 135
18 135
19 135
26 135
29 135
30 135
38 135
40 135
41 135
45 135
48 135
51 135
56 135
60 135
61 135
63 135
69 135
72 135
74 135
75 135
83 135
87 135
88 135
89 135
94 135
99 135
100 135
117 135
121 135
123 135
129 135
132 135
2 136
5 136
15 136
20 136
23 136
25 136
27 136
28 136
33 136
37 136
39 136
42 136
49 136
52 136
54 136
55 136
58 136
65 136
68 136
73 136
77 136
78 136
81 136
86 136
91 136
93 136
96 136
111 136
112 136
114 136
125 136
126 136
128 136
130 136
131 136
133 136
5 137
28 137
39 137
42 137
54 137
65 137
68 137
73 137
77 137
81 137
86 137
91 137
93 137
96 137
97 137
112 137
114 137
125 137
126 137
128 137
131 137
133 137
136 137
6 138
7 138
10 138
11 138
16 138
17 138
21 138
22 138
24 138
26 138
29 138
30 138
34 138
35 138
41 138
43 138
47 138
51 138
53 138
56 138
59 138
60 138
63 138
66 138
70 138
71 138
72 138
75 138
80 138
82 138
84 138
85 138
88 138
89 138
90 138
94 138
99 138
100 138
102 138
105 138
106 138
109 138
113 138
115 138
118 138
119 138
123 138
124 138
129 138
132 138
2 139
3 139
6 139
8 139
9 139
10 139
11 139
12 139
14 139
15 139
20 139
22 139
23 139
24 139
25 139
27 139
31 139
32 139
33 139
34 139
35 139
36 139
37 139
44 139
46 139
49 139
50 139
52 139
53 139
54 139
55 139
57 139
58 139
59 139
66 139
71 139
78 139
82 139
93 139
95 139
98 139
101 139
102 139
106 139
107 139
108 139
111 139
114 139
115 139
118 139
119 139
120 139
130 139
2 140
5 140
15 140
20 140
23 140
25 140
28 140
33 140
37 140
39 140
42 140
49 140
52 140
54 140
55 140
58 140
65 140
68 140
73 140
77 140
81 140
86 140
91 140
93 140
96 140
111 140
112 140
114 140
125 140
126 140
128 140
130 140
131 140
133 140
136 140
137 140
0 141
4 141
7 141
16 141
17 141
18 141
21 141
26 141
29 141
30 141
38 141
41 141
43 141
47 141
48 141
51 141
56 141
60 141
63 141
69 141
72 141
74 141
75 141
80 141
84 141
85 141
88 141
89 141
90 141
94 141
99 141
100 141
105 141
109 141
113 141
117 141
123 141
124 141
129 141
132 141
135 141
138 141
3 142
6 142
8 142
9 142
10 142
11 142
12 142
14 142
16 142
17 142
21 142
22 142
24 142
26 142
30 142
31 142
32 142
34 142
35 142
36 142
41 142
43 142
44 142
46 142
47 142
50 142
53 142
57 142
59 142
66 142
70 142
71 142
75 142
80 142
82 142
84 142
85 142
90 142
95 142
98 142
101 142
102 142
105 142
106 142
107 142
108 142
109 142
113 142
115 142
118 142
119 142
120 142
124 142
129 142
138 142
139 142
4 143
6 143
7 143
11 143
16 143
17 143
21 143
22 143
24 143
26 143
29 143
30 143
34 143
35 143
38 143
41 143
43 143
47 143
51 143
53 143
56 143
60 143
63 143
66 143
70 143
72 143
75 143
80 143
82 143
84 143
85 143
88 143
89 143
90 143
94 143
99 143
100 143
105 143
106 143
109 143
113 143
115 143
119 143
123 143
124 143
129 143
132 143
135 143
138 143
141 143
142 143
5 144
28 144
65 144
67 144
92 144
96 144
97 144
125 144
137 144
2 145
3 145
6 145
8 145
9 145
10 145
11 145
12 145
14 145
20 145
22 145
23 145
24 145
25 145
27 145
31 145
32 145
33 145
34 145
35 145
36 145
37 145
43 145
44 145
46 145
49 145
50 145
52 145
53 145
55 145
57 145
58 145
59 145
66 145
70 145
71 145
78 145
82 145
85 145
95 145
98 145
101 145
102 145
106 145
107 145
108 145
109 145
111 145
113 145
115 145
118 145
119 145
120 145
130 145
139 145
142 145
0 146
4 146
7 146
16 146
17 146
18 146
21 146
26 146
29 146
30 146
38 146
41 146
43 146
47 146
48 146
51 146
56 146
60 146
63 146
69 146
70 146
72 146
74 146
75 146
80 146
84 146
85 146
88 146
89 146
90 146
94 146
99 146
100 146
105 146
109 146
113 146
117 146
119 146
123 146
124 146
129 146
132 146
135 146
138 146
141 146
143 146
0 147
4 147
7 147
13 147
18 147
19 147
29 147
38 147
40 147
45 147
48 147
51 147
56 147
61 147
63 147
69 147
72 147
74 147
83 147
87 147
88 147
89 147
94 147
99 147
117 147
121 147
123 147
132 147
135 147
141 147
146 147
2 148
3 148
6 148
8 148
9 148
10 148
11 148
12 148
14 148
15 148
20 148
22 148
23 148
24 148
25 148
27 148
31 148
32 148
33 148
34 148
35 148
36 148
37 148
39 148
44 148
46 148
49 148
50 148
52 148
53 148
54 148
55 148
57 148
58 148
59 148
66 148
68 148
71 148
73 148
77 148
78 148
82 148
86 148
91 148
93 148
95 148
98 148
101 148
102 148
106 148
107 148
108 148
111 148
114 148
118 148
120 148
130 148
133 148
139 148
142 148
145 148
6 149
7 149
10 149
11 149
16 149
17 149
21 149
22 149
24 149
26 149
29 149
30 149
34 149
35 149
41 149
43 149
47 149
51 149
53 149
56 149
59 149
60 149
63 149
66 149
70 149
71 149
72 149
75 149
80 149
82 149
84 149
85 149
88 149
89 149
90 149
94 149
99 149
100 149
102 149
105 149
106 149
109 149
113 149
115 149
119 149
123 149
124 149
129 149
132 149
138 149
141 149
142 149
143 149
146 149
2 150
3 150
8 150
9 150
10 150
12 150
14 150
15 150
20 150
23 150
25 150
27 150
31 150
32 150
33 150
36 150
37 150
39 150
42 150
44 150
46 150
49 150
50 150
52 150
54 150
55 150
57 150
58 150
59 150
68 150
73 150
77 150
78 150
81 150
86 150
91 150
93 150
95 150
98 150
101 150
102 150
107 150
108 150
111 150
114 150
118 150
120 150
130 150
131 150
133 150
136 150
139 150
140 150
145 150
148 150
2 151
9 151
12 151
14 151
15 151
20 151
23 151
25 151
27 151
31 151
33 151
36 151
37 151
39 151
42 151
44 151
46 151
49 151
50 151
52 151
54 151
55 151
57 151
58 151
68 151
73 151
77 151
78 151
81 151
86 151
91 151
93 151
95 151
98 151
107 151
108 151
111 151
112 151
114 151
120 151
126 151
128 151
130 151
131 151
133 151
136 151
139 151
140 151
145 151
148 151
150 151
0 152
4 152
7 152
13 152
18 152
19 152
26 152
29 152
30 152
38 152
40 152
41 152
45 152
48 152
51 152
56 152
60 152
61 152
63 152
69 152
72 152
74 152
75 152
83 152
87 152
88 152
89 152
94 152
99 152
100 152
117 152
121 152
123 152
129 152
132 152
135 152
141 152
143 152
146 152
147 152
2 153
5 153
15 153
23 153
28 153
37 153
39 153
42 153
49 153
54 153
55 153
65 153
68 153
73 153
77 153
81 153
86 153
91 153
93 153
96 153
97 153
112 153
114 153
125 153
126 153
128 153
130 153
131 153
133 153
136 153
137 153
140 153
144 153
151 153
0 154
4 154
13 154
18 154
19 154
38 154
40 154
45 154
48 154
51 154
56 154
61 154
63 154
69 154
72 154
74 154
79 154
83 154
87 154
103 154
110 154
117 154
121 154
123 154
132 154
135 154
141 154
147 154
152 154
6 155
7 155
10 155
11 155
16 155
17 155
21 155
22 155
24 155
26 155
29 155
30 155
34 155
35 155
41 155
43 155
47 155
51 155
53 155
56 155
59 155
60 155
63 155
66 155
70 155
71 155
72 155
75 155
80 155
82 155
84 155
85 155
88 155
89 155
90 155
94 155
99 155
100 155
102 155
105 155
106 155
109 155
113 155
115 155
119 155
123 155
124 155
129 155
132 155
138 155
141 155
142 155
143 155
146 155
149 155
2 156
9 156
12 156
14 156
15 156
20 156
23 156
25 156
27 156
31 156
33 156
36 156
37 156
39 156
42 156
44 156
46 156
49 156
50 156
52 156
54 156
55 156
57 156
58 156
68 156
73 156
77 156
78 156
81 156
86 156
91 156
93 156
95 156
98 156
107 156
108 156
111 156
112 156
114 156
120 156
126 156
128 156
130 156
131 156
133 156
136 156
139 156
140 156
145 156
148 156
150 156
151 156
153 156
2 157
3 157
6 157
8 157
9 157
10 157
11 157
12 157
14 157
17 157
20 157
21 157
22 157
24 157
25 157
27 157
31 157
32 157
33 157
34 157
35 157
36 157
43 157
44 157
46 157
50 157
52 157
53 157
55 157
57 157
58 157
59 157
66 157
70 157
71 157
78 157
80 157
82 157
84 157
85 157
90 157
95 157
98 157
101 157
102 157
106 157
107 157
108 157
109 157
111 157
113 157
115 157
118 157
119 157
120 157
139 157
142 157
145 157
148 157
150 157
151 157
156 157
3 158
6 158
8 158
9 158
10 158
11 158
12 158
14 158
17 158
20 158
21 158
22 158
24 158
25 158
27 158
31 158
32 158
33 158
34 158
35 158
36 158
43 158
44 158
46 158
47 158
50 158
52 158
53 158
57 158
58 158
59 158
66 158
70 158
71 158
78 158
80 158
82 158
84 158
85 158
90 158
95 158
98 158
101 158
102 158
106 158
107 158
108 158
109 158
111 158
113 158
115 158
118 158
119 158
120 158
139 158
142 158
145 158
148 158
150 158
157 158
1 159
13 159
19 159
40 159
45 159
61 159
62 159
64 159
79 159
83 159
87 159
103 159
104 159
110 159
121 159
122 159
134 159
4 160
6 160
7 160
11 160
16 160
17 160
21 160
22 160
24 160
26 160
29 160
30 160
34 160
35 160
38 160
41 160
43 160
47 160
51 160
53 160
56 160
60 160
63 160
66 160
70 160
72 160
75 160
80 160
82 160
84 160
85 160
88 160
89 160
90 160
94 160
99 160
100 160
105 160
106 160
109 160
113 160
115 160
119 160
123 160
124 160
129 160
132 160
135 160
138 160
141 160
142 160
143 160
146 160
149 160
152 160
155 160
3 161
6 161
7 161
8 161
10 161
11 161
12 161
14 161
16 161
17 161
21 161
22 161
24 161
26 161
29 161
30 161
32 161
34 161
35 161
36 161
41 161
43 161
47 161
53 161
59 161
60 161
66 161
70 161
71 161
75 161
80 161
82 161
84 161
85 161
88 161
89 161
90 161
94 161
99 161
100 161
101 161
102 161
105 161
106 161
109 161
113 161
115 161
118 161
119 161
120 161
124 161
129 161
132 161
138 161
141 161
142 161
143 161
145 161
146 161
149 161
155 161
157 161
158 161
160 161
2 162
3 162
6 162
8 162
9 162
10 162
11 162
12 162
14 162
15 162
20 162
22 162
23 162
24 162
25 162
27 162
31 162
32 162
33 162
34 162
35 162
36 162
37 162
39 162
44 162
46 162
49 162
50 162
52 162
53 162
54 162
55 162
57 162
58 162
59 162
66 162
68 162
71 162
78 162
82 162
91 162
93 162
95 162
98 162
101 162
102 162
106 162
107 162
108 162
111 162
114 162
115 162
118 162
120 162
130 162
133 162
139 162
142 162
145 162
148 162
150 162
151 162
156 162
157 162
158 162
6 163
7 163
10 163
11 163
16 163
17 163
21 163
22 163
24 163
26 163
29 163
30 163
34 163
35 163
41 163
43 163
47 163
51 163
53 163
56 163
59 163
60 163
63 163
66 163
70 163
71 163
72 163
75 163
80 163
82 163
84 163
85 163
88 163
89 163
90 163
94 163
99 163
100 163
102 163
105 163
106 163
109 163
113 163
115 163
119 163
123 163
124 163
129 163
132 163
138 163
141 163
142 163
143 163
146 163
149 163
155 163
160 163
161 163
0 164
4 164
13 164
18 164
19 164
38 164
40 164
45 164
48 164
51 164
56 164
61 164
63 164
69 164
72 164
74 164
79 164
83 164
87 164
94 164
103 164
110 164
117 164
121 164
123 164
132 164
135 164
141 164
147 164
152 164
154 164
3 165
6 165
7 165
8 165
10 165
11 165
12 165
16 165
17 165
21 165
22 165
24 165
26 165
29 165
30 165
32 165
34 165
35 165
41 165
43 165
47 165
51 165
53 165
56 165
59 165
60 165
66 165
70 165
71 165
72 165
75 165
80 165
82 165
84 165
85 165
88 165
89 165
90 165
94 165
99 165
100 165
101 165
102 165
105 165
106 165
109 165
113 165
115 165
118 165
119 165
123 165
124 165
129 165
132 165
138 165
141 165
142 165
143 165
146 165
149 165
155 165
157 165
158 165
160 165
161 165
163 165
5 166
28 166
39 166
42 166
65 166
68 166
73 166
77 166
81 166
86 166
91 166
96 166
97 166
112 166
114 166
125 166
126 166
128 166
131 166
133 166
136 166
137 166
140 166
144 166
153 166
6 167
7 167
11 167
16 167
17 167
21 167
22 167
24 167
26 167
29 167
30 167
34 167
35 167
41 167
43 167
47 167
51 167
53 167
56 167
60 167
63 167
66 167
70 167
71 167
72 167
75 167
80 167
82 167
84 167
85 167
88 167
89 167
90 167
94 167
99 167
100 167
105 167
106 167
109 167
113 167
115 167
119 167
123 167
124 167
129 167
132 167
135 167
138 167
141 167
142 167
143 167
146 167
149 167
152 167
155 167
160 167
161 167
163 167
165 167
2 168
9 168
14 168
15 168
20 168
23 168
25 168
27 168
31 168
33 168
36 168
37 168
39 168
42 168
44 168
46 168
49 168
50 168
52 168
54 168
55 168
57 168
58 168
65 168
68 168
73 168
77 168
78 168
81 168
86 168
91 168
93 168
95 168
98 168
107 168
108 168
111 168
112 168
114 168
120 168
125 168
126 168
128 168
130 168
131 168
133 168
136 168
139 168
140 168
145 168
148 168
150 168
151 168
153 168
156 168
162 168
3 169
6 169
8 169
10 169
11 169
12 169
14 169
16 169
17 169
21 169
22 169
24 169
26 169
29 169
30 169
31 169
32 169
34 169
35 169
36 169
41 169
43 169
44 169
46 169
47 169
53 169
57 169
59 169
60 169
66 169
70 169
71 169
75 169
80 169
82 169
84 169
85 169
88 169
89 169
90 169
95 169
100 169
101 169
102 169
105 169
106 169
109 169
113 169
115 169
118 169
119 169
120 169
124 169
129 169
138 169
139 169
142 169
143 169
145 169
149 169
155 169
157 169
158 169
160 169
161 169
162 169
163 169
165 169
167 169
4 170
6 170
7 170
11 170
16 170
17 170
18 170
21 170
26 170
29 170
30 170
34 170
38 170
41 170
43 170
47 170
51 170
56 170
60 170
63 170
66 170
70 170
72 170
74 170
75 170
80 170
82 170
84 170
85 170
88 170
89 170
90 170
94 170
99 170
100 170
105 170
109 170
113 170
115 170
117 170
119 170
123 170
124 170
129 170
132 170
135 170
138 170
141 170
142 170
143 170
146 170
149 170
152 170
155 170
160 170
161 170
163 170
165 170
167 170
169 170
3 171
6 171
7 171
8 171
10 171
11 171
12 171
14 171
16 171
17 171
21 171
22 171
24 171
26 171
29 171
30 171
32 171
34 171
35 171
36 171
41 171
43 171
47 171
53 171
59 171
60 171
66 171
70 171
71 171
75 171
80 171
82 171
84 171
85 171
88 171
89 171
90 171
94 171
99 171
100 171
101 171
102 171
105 171
106 171
109 171
113 171
115 171
118 171
119 171
120 171
124 171
129 171
132 171
138 171
141 171
142 171
143 171
145 171
146 171
149 171
155 171
157 171
158 171
160 171
161 171
163 171
165 171
167 171
169 171
170 171
3 172
6 172
8 172
10 172
11 172
12 172
14 172
16 172
17 172
21 172
22 172
24 172
26 172
29 172
30 172
31 172
32 172
34 172
35 172
36 172
41 172
43 172
44 172
46 172
47 172
53 172
57 172
59 172
60 172
66 172
70 172
71 172
75 172
80 172
82 172
84 172
85 172
89 172
90 172
95 172
98 172
100 172
101 172
102 172
105 172
106 172
109 172
113 172
115 172
118 172
119 172
120 172
124 172
129 172
138 172
139 172
142 172
143 172
145 172
148 172
149 172
155 172
157 172
158 172
160 172
161 172
162 172
163 172
165 172
167 172
169 172
170 172
171 172
4 173
7 173
16 173
17 173
18 173
21 173
26 173
29 173
30 173
38 173
41 173
43 173
47 173
51 173
56 173
60 173
63 173
69 173
70 173
72 173
74 173
75 173
80 173
82 173
84 173
85 173
88 173
89 173
90 173
94 173
99 173
100 173
105 173
109 173
113 173
115 173
117 173
119 173
123 173
124 173
129 173
132 173
135 173
138 173
141 173
143 173
146 173
149 173
152 173
155 173
160 173
161 173
163 173
165 173
167 173
169 173
170 173
171 173
172 173
2 174
3 174
6 174
8 174
9 174
10 174
11 174
12 174
14 174
17 174
20 174
21 174
22 174
23 174
24 174
25 174
27 174
31 174
32 174
33 174
34 174
35 174
36 174
43 174
44 174
46 174
50 174
52 174
53 174
55 174
57 174
58 174
59 174
66 174
70 174
71 174
78 174
80 174
82 174
84 174
85 174
90 174
95 174
98 174
101 174
102 174
106 174
107 174
108 174
109 174
111 174
113 174
115 174
118 174
119 174
120 174
139 174
142 174
145 174
148 174
150 174
151 174
156 174
157 174
158 174
161 174
162 174
165 174
169 174
171 174
172 174
4 175
6 175
7 175
11 175
16 175
17 175
21 175
22 175
24 175
26 175
29 175
30 175
34 175
35 175
38 175
41 175
43 175
47 175
51 175
56 175
60 175
63 175
66 175
70 175
72 175
75 175
80 175
82 175
84 175
85 175
88 175
89 175
90 175
94 175
99 175
100 175
105 175
106 175
109 175
113 175
115 175
119 175
123 175
124 175
129 175
132 175
135 175
138 175
141 175
142 175
143 175
146 175
149 175
152 175
155 175
160 175
161 175
163 175
165 175
167 175
169 175
170 175
171 175
172 175
173 175
2 176
3 176
8 176
9 176
10 176
12 176
14 176
15 176
20 176
22 176
23 176
24 176
25 176
27 176
31 176
32 176
33 176
35 176
36 176
37 176
39 176
42 176
44 176
46 176
49 176
50 176
52 176
53 176
54 176
55 176
57 176
58 176
59 176
68 176
71 176
73 176
77 176
78 176
81 176
86 176
91 176
93 176
95 176
98 176
101 176
102 176
106 176
107 176
108 176
111 176
114 176
118 176
120 176
130 176
133 176
136 176
139 176
145 176
148 176
150 176
151 176
156 176
157 176
158 176
162 176
168 176
174 176
0 177
4 177
7 177
16 177
17 177
18 177
21 177
26 177
29 177
30 177
38 177
41 177
43 177
47 177
48 177
51 177
56 177
60 177
63 177
69 177
72 177
74 177
75 177
80 177
84 177
88 177
89 177
90 177
94 177
99 177
100 177
105 177
109 177
113 177
117 177
123 177
124 177
129 177
132 177
135 177
138 177
141 177
143 177
146 177
147 177
149 177
152 177
154 177
155 177
160 177
163 177
164 177
165 177
167 177
170 177
173 177
175 177
67 178
92 178
3 179
6 179
7 179
8 179
10 179
11 179
12 179
14 179
16 179
17 179
21 179
22 179
24 179
26 179
29 179
30 179
32 179
34 179
35 179
36 179
41 179
43 179
47 179
53 179
59 179
60 179
66 179
70 179
71 179
75 179
80 179
82 179
84 179
85 179
88 179
89 179
90 179
94 179
95 179
99 179
100 179
101 179
102 179
105 179
106 179
109 179
113 179
115 179
118 179
119 179
120 179
124 179
129 179
132 179
138 179
141 179
142 179
143 179
145 179
146 179
149 179
155 179
157 179
158 179
160 179
161 179
163 179
165 179
167 179
169 179
170 179
171 179
172 179
173 179
174 179
175 179
6 180
7 180
8 180
10 180
11 180
16 180
17 180
21 180
22 180
24 180
26 180
29 180
30 180
32 180
34 180
35 180
41 180
43 180
47 180
51 180
53 180
56 180
59 180
60 180
66 180
70 180
71 180
72 180
75 180
80 180
82 180
84 180
85 180
88 180
89 180
90 180
94 180
99 180
100 180
101 180
102 180
105 180
106 180
109 180
113 180
115 180
118 180
119 180
123 180
124 180
129 180
132 180
138 180
141 180
142 180
143 180
146 180
149 180
155 180
160 180
161 180
163 180
165 180
167 180
169 180
170 180
171 180
172 180
173 180
175 180
177 180
179 180
6 181
7 181
11 181
16 181
17 181
21 181
22 181
24 181
26 181
29 181
30 181
34 181
35 181
41 181
43 181
47 181
51 181
53 181
56 181
60 181
63 181
66 181
70 181
71 181
72 181
75 181
80 181
82 181
84 181
85 181
88 181
89 181
90 181
94 181
99 181
100 181
105 181
106 181
109 181
113 181
115 181
119 181
123 181
124 181
129 181
132 181
135 181
138 181
141 181
142 181
143 181
146 181
149 181
152 181
155 181
160 181
161 181
163 181
165 181
167 181
169 181
170 181
171 181
172 181
173 181
175 181
177 181
179 181
180 181
2 182
3 182
6 182
8 182
9 182
10 182
12 182
14 182
15 182
20 182
22 182
23 182
24 182
25 182
27 182
31 182
32 182
33 182
35 182
36 182
37 182
39 182
42 182
44 182
46 182
49 182
50 182
52 182
53 182
54 182
55 182
57 182
58 182
59 182
68 182
71 182
73 182
77 182
78 182
81 182
86 182
91 182
93 182
95 182
98 182
101 182
102 182
106 182
107 182
108 182
111 182
114 182
118 182
120 182
130 182
133 182
136 182
139 182
142 182
145 182
148 182
150 182
151 182
156 182
157 182
158 182
162 182
168 182
174 182
176 182
3 183
6 183
7 183
8 183
10 183
11 183
12 183
14 183
16 183
17 183
21 183
22 183
24 183
26 183
29 183
30 183
32 183
34 183
35 183
36 183
41 183
43 183
47 183
53 183
59 183
60 183
66 183
70 183
71 183
75 183
80 183
82 183
84 183
85 183
88 183
89 183
90 183
94 183
99 183
100 183
101 183
102 183
105 183
106 183
109 183
113 183
115 183
118 183
119 183
120 183
124 183
129 183
132 183
138 183
141 183
142 183
143 183
145 183
146 183
149 183
155 183
157 183
158 183
160 183
161 183
163 183
165 183
167 183
169 183
170 183
171 183
172 183
173 183
174 183
175 183
177 183
179 183
180 183
181 183
0 184
4 184
13 184
18 184
19 184
38 184
40 184
45 184
48 184
51 184
56 184
61 184
63 184
69 184
72 184
74 184
79 184
83 184
87 184
94 184
103 184
110 184
117 184
121 184
123 184
132 184
135 184
141 184
146 184
147 184
152 184
154 184
164 184
177 184
76 185
104 185
116 185
127 185
2 186
3 186
6 186
8 186
9 186
10 186
11 186
12 186
14 186
15 186
20 186
22 186
23 186
24 186
25 186
27 186
31 186
32 186
33 186
34 186
35 186
36 186
37 186
43 186
44 186
46 186
49 186
50 186
52 186
53 186
55 186
57 186
58 186
59 186
66 186
70 186
71 186
78 186
82 186
85 186
95 186
98 186
101 186
102 186
106 186
107 186
108 186
109 186
111 186
115 186
118 186
119 186
120 186
130 186
139 186
142 186
145 186
148 186
150 186
151 186
156 186
157 186
158 186
161 186
162 186
168 186
169 186
171 186
172 186
174 186
176 186
179 186
182 186
183 186
0 187
4 187
7 187
16 187
17 187
18 187
21 187
26 187
29 187
30 187
38 187
41 187
43 187
47 187
48 187
51 187
56 187
60 187
63 187
69 187
72 187
74 187
75 187
80 187
84 187
88 187
89 187
90 187
94 187
99 187
100 187
105 187
109 187
113 187
117 187
123 187
124 187
129 187
132 187
135 187
138 187
141 187
143 187
146 187
147 187
149 187
152 187
154 187
155 187
160 187
163 187
164 187
165 187
167 187
170 187
173 187
175 187
177 187
180 187
181 187
183 187
184 187
0 188
4 188
7 188
16 188
17 188
18 188
21 188
26 188
29 188
30 188
38 188
41 188
43 188
47 188
48 188
51 188
56 188
60 188
63 188
69 188
72 188
74 188
75 188
80 188
84 188
88 188
89 188
90 188
94 188
99 188
100 188
105 188
109 188
113 188
117 188
123 188
124 188
129 188
132 188
135 188
138 188
141 188
143 188
146 188
147 188
149 188
152 188
154 188
155 188
160 188
163 188
164 188
165 188
167 188
170 188
173 188
175 188
177 188
180 188
181 188
183 188
184 188
187 188
2 189
3 189
6 189
8 189
9 189
10 189
11 189
12 189
14 189
15 189
20 189
22 189
23 189
24 189
25 189
27 189
31 189
32 189
33 189
34 189
35 189
36 189
37 189
44 189
46 189
49 189
50 189
52 189
53 189
54 189
55 189
57 189
58 189
59 189
66 189
70 189
71 189
78 189
82 189
85 189
93 189
95 189
98 189
101 189
102 189
106 189
107 189
108 189
111 189
115 189
118 189
119 189
120 189
130 189
139 189
142 189
145 189
148 189
150 189
151 189
156 189
157 189
158 189
162 189
168 189
169 189
172 189
174 189
176 189
179 189
182 189
186 189
1 190
19 190
40 190
45 190
61 190
62 190
64 190
76 190
79 190
103 190
104 190
110 190
116 190
121 190
122 190
134 190
159 190
2 191
5 191
15 191
23 191
28 191
33 191
37 191
39 191
42 191
49 191
54 191
55 191
65 191
68 191
73 191
77 191
81 191
86 191
91 191
93 191
96 191
97 191
112 191
114 191
125 191
126 191
128 191
130 191
131 191
133 191
136 191
137 191
140 191
151 191
153 191
156 191
166 191
168 191
5 192
28 192
67 192
92 192
97 192
137 192
144 192
166 192
4 193
7 193
16 193
17 193
18 193
21 193
26 193
29 193
30 193
34 193
38 193
41 193
43 193
47 193
51 193
56 193
60 193
63 193
66 193
70 193
72 193
74 193
75 193
80 193
82 193
84 193
85 193
88 193
89 193
90 193
94 193
99 193
100 193
105 193
109 193
113 193
115 193
117 193
119 193
123 193
124 193
129 193
132 193
135 193
138 193
141 193
143 193
146 193
149 193
152 193
155 193
160 193
161 193
163 193
165 193
167 193
169 193
170 193
171 193
172 193
173 193
175 193
177 193
179 193
180 193
181 193
183 193
187 193
188 193
0 194
4 194
7 194
16 194
17 194
18 194
21 194
26 194
29 194
30 194
38 194
41 194
43 194
47 194
48 194
51 194
56 194
60 194
63 194
69 194
72 194
74 194
75 194
80 194
84 194
88 194
89 194
90 194
94 194
99 194
100 194
105 194
109 194
113 194
117 194
123 194
124 194
129 194
132 194
135 194
138 194
141 194
143 194
146 194
147 194
149 194
152 194
154 194
155 194
160 194
163 194
164 194
165 194
167 194
170 194
171 194
173 194
175 194
177 194
180 194
181 194
183 194
184 194
187 194
188 194
193 194
4 195
7 195
16 195
17 195
18 195
21 195
26 195
29 195
30 195
34 195
38 195
41 195
43 195
47 195
51 195
56 195
60 195
63 195
66 195
70 195
72 195
74 195
75 195
80 195
82 195
84 195
85 195
88 195
89 195
90 195
94 195
99 195
100 195
105 195
109 195
113 195
115 195
117 195
119 195
123 195
124 195
129 195
132 195
135 195
138 195
141 195
143 195
146 195
149 195
152 195
155 195
160 195
161 195
163 195
165 195
167 195
169 195
170 195
171 195
172 195
173 195
175 195
177 195
179 195
180 195
181 195
183 195
187 195
188 195
193 195
194 195
0 196
1 196
4 196
13 196
18 196
19 196
38 196
40 196
45 196
48 196
61 196
62 196
63 196
64 196
69 196
74 196
79 196
83 196
87 196
103 196
110 196
117 196
121 196
135 196
147 196
152 196
154 196
159 196
164 196
184 196
190 196
5 197
28 197
39 197
42 197
65 197
68 197
73 197
77 197
81 197
86 197
91 197
96 197
97 197
112 197
114 197
125 197
126 197
128 197
131 197
133 197
136 197
137 197
140 197
144 197
153 197
166 197
191 197
192 197
3 198
6 198
8 198
9 198
10 198
11 198
12 198
14 198
16 198
17 198
21 198
22 198
24 198
26 198
30 198
31 198
32 198
34 198
35 198
36 198
41 198
43 198
44 198
46 198
47 198
50 198
53 198
57 198
59 198
66 198
70 198
71 198
75 198
80 198
82 198
84 198
85 198
90 198
95 198
98 198
101 198
102 198
105 198
106 198
107 198
108 198
109 198
113 198
115 198
118 198
119 198
120 198
124 198
129 198
138 198
139 198
142 198
143 198
145 198
148 198
149 198
155 198
157 198
158 198
160 198
161 198
162 198
163 198
165 198
167 198
169 198
170 198
171 198
172 198
174 198
175 198
179 198
180 198
181 198
183 198
186 198
189 198
193 198
2 199
3 199
6 199
8 199
9 199
10 199
11 199
12 199
14 199
15 199
20 199
22 199
23 199
24 199
25 199
27 199
31 199
32 199
33 199
34 199
35 199
36 199
37 199
39 199
44 199
46 199
49 199
50 199
52 199
53 199
54 199
55 199
57 199
58 199
59 199
66 199
68 199
71 199
78 199
82 199
91 199
93 199
95 199
98 199
101 199
102 199
106 199
107 199
108 199
111 199
114 199
115 199
118 199
120 199
130 199
133 199
139 199
142 199
145 199
148 199
150 199
151 199
156 199
157 199
158 199
162 199
168 199
169 199
172 199
174 199
176 199
182 199
186 199
189 199
198 199