norm 0.0 1.0 200
0 2
0 5
2 5
1 6
2 6
5 6
1 7
6 7
3 8
3 9
1 10
6 10
7 10
1 11
6 11
7 11
10 11
10 12
11 12
3 13
8 13
9 13
1 14
6 14
7 14
10 14
11 14
12 14
0 15
2 15
5 15
7 16
10 16
11 16
12 16
14 16
3 17
8 17
12 17
13 17
3 18
8 18
9 18
13 18
17 18
3 19
8 19
12 19
13 19
17 19
18 19
1 20
6 20
7 20
10 20
11 20
12 20
14 20
16 20
0 21
2 21
5 21
15 21
1 22
6 22
7 22
10 22
11 22
12 22
14 22
16 22
20 22
3 23
8 23
13 23
17 23
18 23
19 23
3 24
9 24
13 24
18 24
7 25
10 25
11 25
12 25
14 25
16 25
20 25
22 25
7 26
10 26
11 26
12 26
14 26
16 26
17 26
19 26
20 26
22 26
25 26
0 27
1 27
2 27
5 27
6 27
7 27
15 27
20 27
22 27
0 28
1 28
2 28
5 28
6 28
7 28
11 28
14 28
20 28
22 28
27 28
1 29
2 29
5 29
6 29
7 29
10 29
11 29
14 29
20 29
22 29
27 29
28 29
7 30
10 30
11 30
12 30
14 30
16 30
17 30
19 30
20 30
22 30
25 30
26 30
8 31
10 31
12 31
16 31
17 31
19 31
23 31
25 31
26 31
30 31
9 32
24 32
0 33
2 33
5 33
15 33
21 33
27 33
0 34
1 34
2 34
5 34
6 34
7 34
11 34
14 34
20 34
22 34
27 34
28 34
29 34
0 35
2 35
5 35
15 35
21 35
33 35
10 36
11 36
12 36
14 36
16 36
17 36
19 36
20 36
22 36
25 36
26 36
30 36
31 36
1 37
6 37
7 37
10 37
11 37
12 37
14 37
16 37
20 37
22 37
25 37
26 37
29 37
30 37
34 37
36 37
1 38
6 38
7 38
10 38
11 38
14 38
16 38
20 38
22 38
25 38
26 38
27 38
28 38
29 38
30 38
34 38
37 38
0 39
1 39
2 39
5 39
6 39
7 39
11 39
20 39
22 39
27 39
28 39
29 39
33 39
34 39
38 39
3 40
8 40
9 40
13 40
18 40
23 40
24 40
0 41
1 41
2 41
5 41
6 41
15 41
27 41
28 41
29 41
33 41
34 41
35 41
39 41
1 42
6 42
7 42
10 42
11 42
12 42
14 42
16 42
20 42
22 42
25 42
26 42
29 42
30 42
34 42
36 42
37 42
38 42
0 43
2 43
5 43
15 43
21 43
33 43
35 43
41 43
0 44
1 44
2 44
5 44
6 44
15 44
21 44
27 44
28 44
29 44
33 44
34 44
35 44
39 44
41 44
43 44
4 45
7 46
10 46
11 46
12 46
14 46
16 46
17 46
19 46
20 46
22 46
25 46
26 46
30 46
31 46
36 46
37 46
42 46
1 47
7 47
10 47
11 47
12 47
14 47
16 47
20 47
22 47
25 47
26 47
30 47
31 47
36 47
37 47
38 47
42 47
46 47
3 48
9 48
13 48
18 48
24 48
32 48
40 48
3 49
8 49
12 49
13 49
16 49
17 49
18 49
19 49
23 49
25 49
26 49
30 49
31 49
36 49
46 49
0 50
1 50
2 50
5 50
6 50
7 50
15 50
27 50
28 50
29 50
33 50
34 50
35 50
38 50
39 50
41 50
43 50
44 50
3 51
8 51
12 51
13 51
16 51
17 51
18 51
19 51
23 51
25 51
26 51
30 51
31 51
36 51
46 51
49 51
1 52
7 52
10 52
11 52
12 52
14 52
16 52
20 52
22 52
25 52
26 52
30 52
31 52
36 52
37 52
38 52
42 52
46 52
47 52
8 53
10 53
12 53
14 53
16 53
17 53
19 53
23 53
25 53
26 53
30 53
31 53
36 53
37 53
42 53
46 53
47 53
49 53
51 53
52 53
1 54
7 54
10 54
11 54
12 54
14 54
16 54
20 54
22 54
25 54
26 54
30 54
31 54
36 54
37 54
38 54
42 54
46 54
47 54
52 54
53 54
1 55
6 55
7 55
10 55
11 55
14 55
16 55
20 55
22 55
25 55
27 55
28 55
29 55
34 55
37 55
38 55
39 55
42 55
47 55
50 55
52 55
54 55
1 56
7 56
10 56
11 56
12 56
14 56
16 56
20 56
22 56
25 56
26 56
29 56
30 56
31 56
36 56
37 56
38 56
42 56
46 56
47 56
52 56
53 56
54 56
55 56
3 57
8 57
12 57
13 57
17 57
18 57
19 57
23 57
26 57
31 57
36 57
46 57
49 57
51 57
53 57
0 58
2 58
5 58
15 58
21 58
27 58
33 58
35 58
41 58
43 58
44 58
50 58
3 59
8 59
9 59
13 59
17 59
18 59
19 59
23 59
24 59
40 59
48 59
57 59
0 60
1 60
2 60
5 60
6 60
7 60
15 60
27 60
28 60
29 60
33 60
34 60
35 60
38 60
39 60
41 60
43 60
44 60
50 60
55 60
58 60
1 61
6 61
7 61
10 61
11 61
14 61
16 61
20 61
22 61
25 61
26 61
27 61
28 61
29 61
30 61
34 61
37 61
38 61
39 61
42 61
46 61
47 61
50 61
52 61
54 61
55 61
56 61
60 61
1 62
7 62
10 62
11 62
12 62
14 62
16 62
20 62
22 62
25 62
26 62
30 62
31 62
36 62
37 62
38 62
42 62
46 62
47 62
52 62
53 62
54 62
55 62
56 62
61 62
15 63
21 63
35 63
43 63
45 63
58 63
1 64
6 64
7 64
10 64
11 64
12 64
14 64
16 64
20 64
22 64
25 64
26 64
28 64
29 64
30 64
34 64
36 64
37 64
38 64
42 64
46 64
47 64
52 64
53 64
54 64
55 64
56 64
61 64
62 64
9 65
24 65
32 65
48 65
3 66
8 66
9 66
13 66
17 66
18 66
19 66
23 66
24 66
40 66
48 66
49 66
51 66
57 66
59 66
3 67
9 67
13 67
18 67
24 67
32 67
40 67
48 67
59 67
65 67
0 68
1 68
2 68
5 68
6 68
7 68
11 68
14 68
20 68
22 68
27 68
28 68
29 68
34 68
37 68
38 68
39 68
41 68
42 68
44 68
50 68
55 68
60 68
61 68
64 68
3 69
8 69
9 69
13 69
17 69
18 69
19 69
23 69
24 69
40 69
48 69
49 69
51 69
57 69
59 69
66 69
3 70
8 70
9 70
13 70
18 70
23 70
24 70
40 70
48 70
59 70
66 70
67 70
69 70
9 71
24 71
32 71
40 71
48 71
59 71
65 71
67 71
70 71
0 72
1 72
2 72
5 72
6 72
7 72
10 72
11 72
14 72
20 72
22 72
27 72
28 72
29 72
34 72
37 72
38 72
39 72
41 72
42 72
44 72
50 72
55 72
60 72
61 72
64 72
68 72
1 73
6 73
7 73
10 73
11 73
14 73
20 73
22 73
27 73
28 73
29 73
34 73
37 73
38 73
39 73
41 73
42 73
47 73
50 73
52 73
54 73
55 73
56 73
60 73
61 73
62 73
64 73
68 73
72 73
21 74
45 74
63 74
1 75
6 75
7 75
10 75
11 75
12 75
14 75
16 75
20 75
22 75
25 75
26 75
27 75
28 75
29 75
30 75
34 75
36 75
37 75
38 75
39 75
42 75
46 75
47 75
52 75
54 75
55 75
56 75
61 75
62 75
64 75
68 75
72 75
73 75
1 76
2 76
5 76
6 76
7 76
10 76
11 76
14 76
20 76
22 76
27 76
28 76
29 76
34 76
37 76
38 76
39 76
41 76
42 76
44 76
50 76
55 76
56 76
60 76
61 76
64 76
68 76
72 76
73 76
75 76
4 77
24 78
32 78
65 78
67 78
71 78
1 79
2 79
6 79
7 79
10 79
11 79
14 79
20 79
22 79
27 79
28 79
29 79
34 79
37 79
38 79
39 79
41 79
42 79
44 79
50 79
55 79
56 79
60 79
61 79
64 79
68 79
72 79
73 79
75 79
76 79
7 80
10 80
11 80
12 80
14 80
16 80
20 80
22 80
25 80
26 80
30 80
31 80
36 80
37 80
38 80
42 80
46 80
47 80
49 80
51 80
52 80
53 80
54 80
55 80
56 80
61 80
62 80
64 80
75 80
1 81
6 81
7 81
10 81
11 81
14 81
16 81
20 81
22 81
25 81
27 81
28 81
29 81
34 81
37 81
38 81
39 81
42 81
47 81
50 81
52 81
54 81
55 81
56 81
60 81
61 81
62 81
64 81
68 81
72 81
73 81
75 81
76 81
79 81
80 81
0 82
1 82
2 82
5 82
6 82
15 82
21 82
27 82
28 82
29 82
33 82
34 82
35 82
39 82
41 82
43 82
44 82
50 82
58 82
60 82
68 82
72 82
73 82
76 82
79 82
0 83
5 83
15 83
21 83
33 83
35 83
43 83
45 83
58 83
63 83
74 83
8 84
12 84
13 84
16 84
17 84
19 84
23 84
25 84
26 84
30 84
31 84
36 84
46 84
47 84
49 84
51 84
52 84
53 84
54 84
57 84
62 84
66 84
69 84
80 84
1 85
2 85
5 85
6 85
7 85
10 85
11 85
14 85
20 85
22 85
27 85
28 85
29 85
34 85
37 85
38 85
39 85
41 85
42 85
44 85
50 85
55 85
56 85
60 85
61 85
64 85
68 85
72 85
73 85
75 85
76 85
79 85
81 85
82 85
1 86
6 86
7 86
10 86
11 86
14 86
16 86
20 86
22 86
25 86
27 86
28 86
29 86
34 86
37 86
38 86
39 86
42 86
47 86
50 86
52 86
54 86
55 86
56 86
60 86
61 86
62 86
64 86
68 86
72 86
73 86
75 86
76 86
79 86
80 86
81 86
85 86
3 87
8 87
12 87
13 87
16 87
17 87
18 87
19 87
23 87
26 87
30 87
31 87
36 87
46 87
49 87
51 87
53 87
57 87
66 87
69 87
84 87
1 88
6 88
7 88
10 88
11 88
14 88
20 88
22 88
25 88
27 88
28 88
29 88
34 88
37 88
38 88
39 88
41 88
42 88
47 88
50 88
52 88
54 88
55 88
56 88
60 88
61 88
62 88
64 88
68 88
72 88
73 88
75 88
76 88
79 88
80 88
81 88
85 88
86 88
1 89
6 89
7 89
10 89
11 89
14 89
16 89
20 89
22 89
25 89
27 89
28 89
29 89
34 89
37 89
38 89
39 89
41 89
42 89
47 89
50 89
52 89
54 89
55 89
56 89
60 89
61 89
62 89
64 89
68 89
72 89
73 89
75 89
76 89
79 89
80 89
81 89
85 89
86 89
88 89
1 90
6 90
7 90
10 90
11 90
14 90
16 90
20 90
22 90
25 90
27 90
28 90
29 90
30 90
34 90
37 90
38 90
39 90
42 90
47 90
50 90
52 90
54 90
55 90
56 90
60 90
61 90
62 90
64 90
68 90
72 90
73 90
75 90
76 90
79 90
80 90
81 90
85 90
86 90
88 90
89 90
1 91
2 91
6 91
7 91
10 91
11 91
14 91
20 91
22 91
27 91
28 91
29 91
34 91
37 91
38 91
39 91
41 91
42 91
44 91
50 91
52 91
55 91
56 91
60 91
61 91
64 91
68 91
72 91
73 91
75 91
76 91
79 91
81 91
82 91
85 91
86 91
88 91
89 91
90 91
0 92
2 92
5 92
15 92
21 92
33 92
35 92
41 92
43 92
44 92
58 92
63 92
82 92
83 92
3 93
8 93
9 93
13 93
17 93
18 93
19 93
23 93
31 93
40 93
48 93
49 93
51 93
57 93
59 93
66 93
69 93
70 93
84 93
87 93
3 94
8 94
12 94
13 94
17 94
18 94
19 94
23 94
26 94
31 94
36 94
46 94
49 94
51 94
53 94
57 94
59 94
66 94
69 94
84 94
87 94
93 94
1 95
6 95
7 95
10 95
11 95
14 95
16 95
20 95
22 95
25 95
27 95
28 95
29 95
30 95
34 95
37 95
38 95
39 95
42 95
47 95
50 95
52 95
54 95
55 95
56 95
60 95
61 95
62 95
64 95
68 95
72 95
73 95
75 95
76 95
79 95
80 95
81 95
85 95
86 95
88 95
89 95
90 95
91 95
3 96
9 96
13 96
18 96
24 96
32 96
40 96
48 96
59 96
65 96
66 96
67 96
69 96
70 96
71 96
78 96
3 97
8 97
9 97
13 97
17 97
18 97
19 97
23 97
24 97
31 97
40 97
48 97
49 97
51 97
57 97
59 97
66 97
69 97
70 97
84 97
87 97
93 97
94 97
96 97
0 98
2 98
5 98
15 98
21 98
33 98
35 98
41 98
43 98
44 98
58 98
63 98
74 98
82 98
83 98
92 98
3 99
8 99
9 99
13 99
17 99
18 99
19 99
23 99
24 99
31 99
40 99
48 99
49 99
51 99
57 99
59 99
66 99
69 99
70 99
84 99
87 99
93 99
94 99
96 99
97 99
32 100
65 100
71 100
78 100
0 101
2 101
5 101
15 101
21 101
33 101
35 101
41 101
43 101
44 101
50 101
58 101
60 101
63 101
82 101
83 101
92 101
98 101
3 102
8 102
9 102
13 102
18 102
23 102
24 102
40 102
48 102
59 102
66 102
67 102
69 102
70 102
71 102
93 102
96 102
97 102
99 102
8 103
10 103
12 103
16 103
17 103
19 103
23 103
25 103
26 103
30 103
31 103
36 103
46 103
47 103
49 103
51 103
52 103
53 103
54 103
56 103
57 103
62 103
80 103
84 103
87 103
93 103
94 103
99 103
0 104
1 104
2 104
5 104
6 104
7 104
11 104
14 104
20 104
22 104
27 104
28 104
29 104
33 104
34 104
38 104
39 104
41 104
44 104
50 104
55 104
60 104
61 104
68 104
72 104
73 104
75 104
76 104
79 104
81 104
82 104
85 104
86 104
88 104
89 104
90 104
91 104
95 104
0 105
2 105
5 105
15 105
21 105
33 105
35 105
41 105
43 105
44 105
50 105
58 105
60 105
63 105
82 105
83 105
92 105
98 105
101 105
0 106
1 106
2 106
5 106
6 106
7 106
11 106
20 106
22 106
27 106
28 106
29 106
33 106
34 106
38 106
39 106
41 106
44 106
50 106
55 106
60 106
61 106
68 106
72 106
73 106
75 106
76 106
79 106
81 106
82 106
85 106
86 106
88 106
89 106
90 106
91 106
95 106
104 106
0 107
1 107
2 107
5 107
6 107
15 107
21 107
27 107
28 107
29 107
33 107
34 107
35 107
39 107
41 107
43 107
44 107
50 107
58 107
60 107
68 107
72 107
73 107
76 107
79 107
82 107
85 107
91 107
92 107
98 107
101 107
104 107
105 107
106 107
0 108
1 108
2 108
5 108
6 108
7 108
15 108
27 108
28 108
29 108
33 108
34 108
35 108
38 108
39 108
41 108
43 108
44 108
50 108
55 108
58 108
60 108
61 108
68 108
72 108
73 108
76 108
79 108
81 108
82 108
85 108
86 108
88 108
89 108
90 108
91 108
95 108
101 108
104 108
105 108
106 108
107 108
1 109
6 109
7 109
10 109
11 109
14 109
16 109
20 109
22 109
25 109
26 109
27 109
28 109
29 109
30 109
34 109
37 109
38 109
39 109
42 109
46 109
47 109
50 109
52 109
54 109
55 109
56 109
60 109
61 109
62 109
64 109
68 109
72 109
73 109
75 109
76 109
79 109
80 109
81 109
85 109
86 109
88 109
89 109
90 109
91 109
95 109
104 109
106 109
108 109
0 110
1 110
2 110
5 110
6 110
7 110
11 110
15 110
20 110
22 110
27 110
28 110
29 110
33 110
34 110
38 110
39 110
41 110
44 110
50 110
55 110
58 110
60 110
61 110
68 110
72 110
73 110
75 110
76 110
79 110
81 110
82 110
85 110
86 110
88 110
89 110
90 110
91 110
95 110
104 110
106 110
107 110
108 110
109 110
3 111
8 111
9 111
13 111
17 111
18 111
19 111
23 111
24 111
40 111
48 111
49 111
57 111
59 111
66 111
67 111
69 111
70 111
71 111
87 111
93 111
94 111
96 111
97 111
99 111
102 111
10 112
11 112
12 112
14 112
16 112
17 112
19 112
25 112
26 112
30 112
31 112
36 112
37 112
42 112
46 112
47 112
49 112
51 112
52 112
53 112
54 112
56 112
57 112
62 112
64 112
80 112
84 112
87 112
94 112
103 112
3 113
9 113
13 113
18 113
24 113
32 113
40 113
48 113
59 113
65 113
66 113
67 113
69 113
70 113
71 113
78 113
96 113
97 113
99 113
102 113
111 113
1 114
6 114
7 114
10 114
11 114
12 114
14 114
16 114
20 114
22 114
25 114
26 114
27 114
28 114
29 114
30 114
34 114
36 114
37 114
38 114
39 114
42 114
46 114
47 114
52 114
54 114
55 114
56 114
61 114
62 114
64 114
68 114
72 114
73 114
75 114
76 114
79 114
80 114
81 114
85 114
86 114
88 114
89 114
90 114
91 114
95 114
104 114
106 114
109 114
110 114
3 115
9 115
13 115
18 115
24 115
32 115
40 115
48 115
59 115
65 115
66 115
67 115
69 115
70 115
71 115
78 115
96 115
97 115
99 115
102 115
111 115
113 115
3 116
8 116
12 116
13 116
16 116
17 116
18 116
19 116
23 116
25 116
26 116
30 116
31 116
36 116
46 116
49 116
51 116
53 116
57 116
66 116
69 116
80 116
84 116
87 116
93 116
94 116
97 116
99 116
103 116
112 116
1 117
6 117
7 117
10 117
11 117
12 117
14 117
16 117
20 117
22 117
25 117
26 117
29 117
30 117
31 117
36 117
37 117
38 117
42 117
46 117
47 117
52 117
53 117
54 117
55 117
56 117
61 117
62 117
64 117
73 117
75 117
76 117
79 117
80 117
81 117
85 117
86 117
88 117
89 117
90 117
91 117
95 117
103 117
109 117
112 117
114 117
32 118
65 118
67 118
71 118
78 118
100 118
1 119
6 119
7 119
10 119
11 119
12 119
14 119
16 119
20 119
22 119
25 119
26 119
29 119
30 119
31 119
36 119
37 119
38 119
42 119
46 119
47 119
52 119
53 119
54 119
55 119
56 119
61 119
62 119
64 119
73 119
75 119
76 119
79 119
80 119
81 119
85 119
86 119
88 119
89 119
90 119
91 119
95 119
103 119
109 119
112 119
114 119
117 119
7 120
10 120
11 120
12 120
14 120
16 120
19 120
20 120
22 120
25 120
26 120
30 120
31 120
36 120
37 120
38 120
42 120
46 120
47 120
49 120
51 120
52 120
53 120
54 120
56 120
61 120
62 120
64 120
75 120
80 120
84 120
87 120
90 120
95 120
103 120
109 120
112 120
114 120
116 120
117 120
119 120
10 121
11 121
12 121
14 121
16 121
17 121
19 121
23 121
25 121
26 121
30 121
31 121
36 121
37 121
42 121
46 121
47 121
49 121
51 121
52 121
53 121
54 121
56 121
57 121
62 121
64 121
80 121
84 121
87 121
94 121
103 121
112 121
116 121
117 121
119 121
120 121
8 122
12 122
16 122
17 122
19 122
23 122
25 122
26 122
30 122
31 122
36 122
46 122
47 122
49 122
51 122
52 122
53 122
54 122
56 122
57 122
62 122
66 122
69 122
80 122
84 122
87 122
93 122
94 122
97 122
99 122
103 122
112 122
116 122
120 122
121 122
7 123
10 123
11 123
12 123
14 123
16 123
20 123
22 123
25 123
26 123
30 123
31 123
36 123
37 123
38 123
42 123
46 123
47 123
49 123
51 123
52 123
53 123
54 123
55 123
56 123
61 123
62 123
64 123
75 123
80 123
81 123
84 123
86 123
88 123
89 123
90 123
95 123
103 123
109 123
112 123
114 123
116 123
117 123
119 123
120 123
121 123
122 123
3 124
8 124
12 124
13 124
16 124
17 124
18 124
19 124
23 124
25 124
26 124
30 124
31 124
36 124
46 124
49 124
51 124
53 124
54 124
57 124
66 124
69 124
80 124
84 124
87 124
93 124
94 124
97 124
99 124
103 124
112 124
116 124
120 124
121 124
122 124
123 124
0 125
1 125
2 125
5 125
6 125
7 125
15 125
22 125
27 125
28 125
29 125
33 125
34 125
38 125
39 125
41 125
44 125
50 125
55 125
58 125
60 125
61 125
68 125
72 125
73 125
75 125
76 125
79 125
81 125
82 125
85 125
86 125
88 125
89 125
90 125
91 125
95 125
104 125
105 125
106 125
107 125
108 125
109 125
110 125
114 125
1 126
6 126
7 126
10 126
11 126
14 126
20 126
22 126
25 126
27 126
28 126
29 126
34 126
37 126
38 126
39 126
41 126
42 126
47 126
50 126
52 126
54 126
55 126
56 126
60 126
61 126
62 126
64 126
68 126
72 126
73 126
75 126
76 126
79 126
81 126
82 126
85 126
86 126
88 126
89 126
90 126
91 126
95 126
104 126
106 126
107 126
108 126
109 126
110 126
114 126
117 126
119 126
123 126
125 126
8 127
10 127
12 127
16 127
17 127
19 127
23 127
25 127
26 127
30 127
31 127
36 127
46 127
47 127
49 127
51 127
52 127
53 127
54 127
56 127
57 127
62 127
80 127
84 127
87 127
93 127
94 127
99 127
103 127
112 127
116 127
117 127
119 127
120 127
121 127
122 127
123 127
124 127
3 128
9 128
18 128
24 128
32 128
40 128
48 128
59 128
65 128
67 128
70 128
71 128
78 128
96 128
100 128
102 128
111 128
113 128
115 128
118 128
0 129
1 129
2 129
5 129
6 129
7 129
15 129
27 129
28 129
29 129
33 129
34 129
35 129
38 129
39 129
41 129
43 129
44 129
50 129
55 129
58 129
60 129
61 129
68 129
72 129
73 129
76 129
79 129
81 129
82 129
85 129
86 129
88 129
89 129
90 129
91 129
95 129
101 129
104 129
105 129
106 129
107 129
108 129
109 129
110 129
125 129
126 129
1 130
6 130
7 130
10 130
11 130
14 130
16 130
20 130
22 130
25 130
26 130
27 130
28 130
29 130
30 130
34 130
37 130
38 130
39 130
42 130
46 130
47 130
50 130
52 130
54 130
55 130
56 130
60 130
61 130
62 130
64 130
68 130
72 130
73 130
75 130
76 130
79 130
80 130
81 130
85 130
86 130
88 130
89 130
90 130
91 130
95 130
104 130
106 130
108 130
109 130
110 130
114 130
117 130
119 130
120 130
123 130
125 130
126 130
129 130
1 131
6 131
7 131
10 131
11 131
12 131
14 131
16 131
20 131
22 131
25 131
26 131
29 131
30 131
31 131
36 131
37 131
38 131
42 131
46 131
47 131
52 131
53 131
54 131
55 131
56 131
61 131
62 131
64 131
73 131
75 131
76 131
79 131
80 131
81 131
85 131
86 131
88 131
89 131
90 131
91 131
95 131
103 131
109 131
112 131
114 131
117 131
119 131
120 131
121 131
123 131
126 131
127 131
130 131
15 132
21 132
33 132
35 132
43 132
45 132
58 132
63 132
74 132
83 132
92 132
98 132
101 132
105 132
0 133
2 133
5 133
6 133
15 133
21 133
27 133
28 133
29 133
33 133
34 133
35 133
39 133
41 133
43 133
44 133
50 133
58 133
60 133
68 133
72 133
76 133
82 133
85 133
92 133
98 133
101 133
104 133
105 133
106 133
107 133
108 133
110 133
125 133
129 133
1 134
6 134
7 134
10 134
11 134
12 134
14 134
16 134
20 134
22 134
25 134
26 134
28 134
29 134
30 134
34 134
36 134
37 134
38 134
42 134
46 134
47 134
52 134
53 134
54 134
55 134
56 134
61 134
62 134
64 134
68 134
72 134
73 134
75 134
76 134
79 134
80 134
81 134
85 134
86 134
88 134
89 134
90 134
91 134
95 134
104 134
109 134
112 134
114 134
117 134
119 134
120 134
121 134
123 134
126 134
130 134
131 134
45 135
63 135
74 135
83 135
132 135
7 136
10 136
11 136
12 136
14 136
16 136
17 136
19 136
20 136
22 136
25 136
26 136
30 136
31 136
36 136
37 136
42 136
46 136
47 136
49 136
51 136
52 136
53 136
54 136
56 136
57 136
62 136
64 136
75 136
80 136
84 136
87 136
94 136
103 136
112 136
114 136
116 136
117 136
119 136
120 136
121 136
122 136
123 136
124 136
127 136
131 136
134 136
0 137
2 137
5 137
15 137
21 137
33 137
35 137
41 137
43 137
44 137
58 137
63 137
82 137
83 137
92 137
98 137
101 137
105 137
107 137
132 137
133 137
0 138
1 138
2 138
5 138
6 138
7 138
10 138
11 138
14 138
20 138
22 138
27 138
28 138
29 138
34 138
37 138
38 138
39 138
41 138
42 138
44 138
50 138
55 138
60 138
61 138
64 138
68 138
72 138
73 138
75 138
76 138
79 138
81 138
82 138
85 138
86 138
88 138
89 138
90 138
91 138
95 138
104 138
106 138
107 138
108 138
109 138
110 138
114 138
125 138
126 138
129 138
130 138
133 138
134 138
15 139
21 139
33 139
35 139
43 139
45 139
58 139
63 139
74 139
83 139
92 139
98 139
101 139
105 139
132 139
135 139
137 139
1 140
6 140
7 140
10 140
11 140
12 140
14 140
16 140
20 140
22 140
25 140
26 140
29 140
30 140
31 140
36 140
37 140
38 140
42 140
46 140
47 140
52 140
53 140
54 140
55 140
56 140
61 140
62 140
64 140
73 140
75 140
76 140
79 140
80 140
81 140
85 140
86 140
88 140
89 140
90 140
91 140
95 140
103 140
109 140
112 140
114 140
117 140
119 140
120 140
121 140
123 140
126 140
127 140
130 140
131 140
134 140
136 140
8 141
12 141
16 141
17 141
19 141
23 141
25 141
26 141
30 141
31 141
36 141
46 141
47 141
49 141
51 141
52 141
53 141
54 141
56 141
57 141
62 141
66 141
69 141
80 141
84 141
87 141
93 141
94 141
97 141
99 141
103 141
112 141
116 141
120 141
121 141
122 141
123 141
124 141
127 141
131 141
136 141
8 142
10 142
12 142
14 142
16 142
17 142
19 142
23 142
25 142
26 142
30 142
31 142
36 142
37 142
42 142
46 142
47 142
49 142
51 142
52 142
53 142
54 142
56 142
57 142
62 142
64 142
80 142
84 142
87 142
93 142
94 142
103 142
112 142
116 142
117 142
119 142
120 142
121 142
122 142
123 142
124 142
127 142
131 142
134 142
136 142
140 142
141 142
0 143
1 143
2 143
5 143
6 143
7 143
15 143
20 143
22 143
27 143
28 143
29 143
33 143
34 143
38 143
39 143
41 143
44 143
50 143
55 143
58 143
60 143
61 143
68 143
72 143
73 143
75 143
76 143
79 143
81 143
82 143
85 143
86 143
88 143
89 143
90 143
91 143
95 143
104 143
106 143
107 143
108 143
109 143
110 143
114 143
125 143
126 143
129 143
130 143
133 143
138 143
10 144
11 144
12 144
14 144
16 144
17 144
19 144
20 144
22 144
25 144
26 144
30 144
31 144
36 144
37 144
42 144
46 144
47 144
49 144
51 144
52 144
53 144
54 144
56 144
57 144
62 144
64 144
75 144
80 144
84 144
87 144
94 144
103 144
112 144
114 144
116 144
117 144
119 144
120 144
121 144
122 144
123 144
124 144
127 144
131 144
134 144
136 144
140 144
141 144
142 144
3 145
8 145
9 145
13 145
18 145
23 145
24 145
40 145
48 145
59 145
65 145
66 145
67 145
69 145
70 145
71 145
93 145
96 145
97 145
99 145
102 145
111 145
113 145
115 145
128 145
1 146
6 146
7 146
10 146
11 146
12 146
14 146
16 146
20 146
22 146
25 146
26 146
27 146
28 146
29 146
30 146
34 146
36 146
37 146
38 146
39 146
42 146
46 146
47 146
52 146
54 146
55 146
56 146
61 146
62 146
64 146
68 146
72 146
73 146
75 146
76 146
79 146
80 146
81 146
85 146
86 146
88 146
89 146
90 146
91 146
95 146
104 146
106 146
109 146
110 146
114 146
117 146
119 146
120 146
123 146
126 146
130 146
131 146
134 146
136 146
138 146
140 146
143 146
144 146
3 147
8 147
9 147
13 147
17 147
18 147
19 147
23 147
31 147
40 147
48 147
49 147
51 147
57 147
59 147
66 147
69 147
70 147
84 147
87 147
93 147
94 147
97 147
99 147
102 147
103 147
111 147
116 147
122 147
124 147
127 147
141 147
145 147
0 148
2 148
5 148
6 148
15 148
21 148
27 148
28 148
29 148
33 148
34 148
35 148
39 148
41 148
43 148
44 148
50 148
58 148
60 148
68 148
72 148
76 148
82 148
85 148
92 148
98 148
101 148
104 148
105 148
106 148
107 148
108 148
110 148
125 148
129 148
133 148
137 148
138 148
143 148
1 149
7 149
10 149
11 149
12 149
14 149
16 149
20 149
22 149
25 149
26 149
30 149
31 149
36 149
37 149
38 149
42 149
46 149
47 149
52 149
53 149
54 149
55 149
56 149
61 149
62 149
64 149
73 149
75 149
79 149
80 149
81 149
86 149
88 149
89 149
90 149
91 149
95 149
103 149
109 149
112 149
114 149
117 149
119 149
120 149
121 149
122 149
123 149
126 149
127 149
130 149
131 149
134 149
136 149
140 149
141 149
142 149
144 149
146 149
3 150
8 150
9 150
13 150
17 150
18 150
19 150
23 150
24 150
40 150
48 150
49 150
51 150
57 150
59 150
66 150
69 150
70 150
84 150
87 150
93 150
94 150
96 150
97 150
99 150
102 150
111 150
113 150
115 150
116 150
122 150
124 150
145 150
147 150
3 151
8 151
9 151
13 151
18 151
23 151
24 151
32 151
40 151
48 151
59 151
65 151
66 151
67 151
69 151
70 151
71 151
93 151
96 151
97 151
99 151
102 151
111 151
113 151
115 151
128 151
145 151
147 151
150 151
1 152
6 152
7 152
10 152
11 152
12 152
14 152
16 152
20 152
22 152
25 152
26 152
28 152
29 152
30 152
34 152
36 152
37 152
38 152
39 152
42 152
46 152
47 152
52 152
54 152
55 152
56 152
61 152
62 152
64 152
68 152
72 152
73 152
75 152
76 152
79 152
80 152
81 152
85 152
86 152
88 152
89 152
90 152
91 152
95 152
104 152
106 152
109 152
110 152
112 152
114 152
117 152
119 152
120 152
121 152
123 152
126 152
130 152
131 152
134 152
136 152
138 152
140 152
144 152
146 152
149 152
7 153
10 153
11 153
12 153
14 153
16 153
17 153
19 153
20 153
22 153
25 153
26 153
30 153
31 153
36 153
37 153
38 153
42 153
46 153
47 153
49 153
51 153
52 153
53 153
54 153
56 153
57 153
61 153
62 153
64 153
75 153
80 153
84 153
87 153
90 153
94 153
103 153
109 153
112 153
114 153
116 153
117 153
119 153
120 153
121 153
122 153
123 153
124 153
127 153
130 153
131 153
134 153
136 153
140 153
141 153
142 153
144 153
146 153
149 153
152 153
1 154
7 154
10 154
11 154
12 154
14 154
16 154
20 154
22 154
25 154
26 154
30 154
31 154
36 154
37 154
38 154
42 154
46 154
47 154
52 154
53 154
54 154
55 154
56 154
61 154
62 154
64 154
73 154
75 154
76 154
79 154
80 154
81 154
86 154
88 154
89 154
90 154
91 154
95 154
103 154
109 154
112 154
114 154
117 154
119 154
120 154
121 154
122 154
123 154
126 154
127 154
130 154
131 154
134 154
136 154
140 154
141 154
142 154
144 154
146 154
149 154
152 154
153 154
3 155
8 155
12 155
13 155
16 155
17 155
18 155
19 155
23 155
25 155
26 155
30 155
31 155
36 155
46 155
49 155
51 155
53 155
57 155
66 155
69 155
80 155
84 155
87 155
93 155
94 155
97 155
99 155
103 155
111 155
112 155
116 155
120 155
121 155
122 155
124 155
127 155
136 155
141 155
142 155
144 155
147 155
150 155
153 155
3 156
8 156
9 156
13 156
17 156
18 156
19 156
23 156
24 156
40 156
48 156
49 156
51 156
57 156
59 156
66 156
69 156
70 156
84 156
87 156
93 156
94 156
96 156
97 156
99 156
102 156
111 156
113 156
115 156
116 156
122 156
124 156
141 156
145 156
147 156
150 156
151 156
155 156
1 157
6 157
7 157
10 157
11 157
12 157
14 157
16 157
20 157
22 157
25 157
26 157
28 157
29 157
30 157
34 157
36 157
37 157
38 157
42 157
46 157
47 157
52 157
53 157
54 157
55 157
56 157
61 157
62 157
64 157
68 157
72 157
73 157
75 157
76 157
79 157
80 157
81 157
85 157
86 157
88 157
89 157
90 157
91 157
95 157
104 157
109 157
112 157
114 157
117 157
119 157
120 157
121 157
123 157
126 157
130 157
131 157
134 157
136 157
138 157
140 157
142 157
144 157
146 157
149 157
152 157
153 157
154 157
8 158
10 158
12 158
14 158
16 158
17 158
19 158
23 158
25 158
26 158
30 158
31 158
36 158
37 158
42 158
46 158
47 158
49 158
51 158
52 158
53 158
54 158
56 158
57 158
62 158
64 158
80 158
84 158
87 158
93 158
94 158
103 158
112 158
116 158
117 158
119 158
120 158
121 158
122 158
123 158
124 158
127 158
131 158
134 158
136 158
140 158
141 158
142 158
144 158
149 158
153 158
154 158
155 158
157 158
1 159
6 159
7 159
10 159
11 159
12 159
14 159
16 159
20 159
22 159
25 159
26 159
29 159
30 159
31 159
36 159
37 159
38 159
42 159
46 159
47 159
52 159
53 159
54 159
55 159
56 159
61 159
62 159
64 159
73 159
75 159
76 159
79 159
80 159
81 159
85 159
86 159
88 159
89 159
90 159
91 159
95 159
103 159
109 159
112 159
114 159
117 159
119 159
120 159
121 159
123 159
126 159
127 159
130 159
131 159
134 159
136 159
140 159
141 159
142 159
144 159
146 159
149 159
152 159
153 159
154 159
157 159
158 159
1 160
6 160
7 160
10 160
11 160
12 160
14 160
16 160
20 160
22 160
25 160
26 160
27 160
28 160
29 160
30 160
34 160
36 160
37 160
38 160
39 160
42 160
46 160
47 160
52 160
54 160
55 160
56 160
61 160
62 160
64 160
68 160
72 160
73 160
75 160
76 160
79 160
80 160
81 160
85 160
86 160
88 160
89 160
90 160
91 160
95 160
104 160
106 160
109 160
110 160
112 160
114 160
117 160
119 160
120 160
123 160
126 160
130 160
131 160
134 160
136 160
138 160
140 160
143 160
144 160
146 160
149 160
152 160
153 160
154 160
157 160
159 160
10 161
11 161
12 161
14 161
16 161
17 161
19 161
20 161
22 161
25 161
26 161
30 161
31 161
36 161
37 161
42 161
46 161
47 161
49 161
51 161
52 161
53 161
54 161
56 161
57 161
62 161
64 161
75 161
80 161
84 161
87 161
94 161
103 161
112 161
114 161
116 161
117 161
119 161
120 161
121 161
122 161
123 161
124 161
127 161
131 161
134 161
136 161
140 161
141 161
142 161
144 161
146 161
149 161
152 161
153 161
154 161
155 161
157 161
158 161
159 161
160 161
0 162
1 162
2 162
5 162
6 162
15 162
27 162
28 162
29 162
33 162
34 162
35 162
39 162
41 162
43 162
44 162
50 162
55 162
58 162
60 162
68 162
72 162
73 162
76 162
79 162
82 162
85 162
86 162
88 162
89 162
91 162
92 162
98 162
101 162
104 162
105 162
106 162
107 162
108 162
110 162
125 162
126 162
129 162
133 162
137 162
138 162
143 162
148 162
3 163
8 163
9 163
13 163
17 163
18 163
19 163
23 163
31 163
40 163
48 163
49 163
51 163
57 163
59 163
66 163
69 163
70 163
84 163
87 163
93 163
94 163
97 163
99 163
102 163
103 163
111 163
116 163
122 163
124 163
127 163
141 163
145 163
147 163
150 163
151 163
155 163
156 163
3 164
9 164
13 164
18 164
24 164
32 164
40 164
48 164
59 164
65 164
67 164
70 164
71 164
78 164
96 164
102 164
111 164
113 164
115 164
118 164
128 164
145 164
150 164
151 164
0 165
1 165
2 165
5 165
6 165
7 165
10 165
11 165
14 165
20 165
22 165
27 165
28 165
29 165
34 165
37 165
38 165
39 165
41 165
42 165
44 165
50 165
55 165
60 165
61 165
64 165
68 165
72 165
73 165
75 165
76 165
79 165
81 165
82 165
85 165
86 165
88 165
89 165
90 165
91 165
95 165
104 165
106 165
107 165
108 165
109 165
110 165
114 165
125 165
126 165
129 165
130 165
133 165
134 165
138 165
143 165
146 165
148 165
152 165
157 165
160 165
162 165
1 166
6 166
7 166
10 166
11 166
12 166
14 166
16 166
20 166
22 166
25 166
26 166
29 166
30 166
31 166
36 166
37 166
38 166
42 166
46 166
47 166
52 166
53 166
54 166
55 166
56 166
61 166
62 166
64 166
72 166
73 166
75 166
76 166
79 166
80 166
81 166
85 166
86 166
88 166
89 166
90 166
91 166
95 166
103 166
109 166
112 166
114 166
117 166
119 166
120 166
121 166
123 166
126 166
127 166
130 166
131 166
134 166
136 166
140 166
142 166
144 166
146 166
149 166
152 166
153 166
154 166
157 166
158 166
159 166
160 166
161 166
165 166
1 167
6 167
7 167
10 167
11 167
12 167
14 167
16 167
20 167
22 167
25 167
26 167
28 167
29 167
30 167
34 167
36 167
37 167
38 167
42 167
46 167
47 167
52 167
53 167
54 167
55 167
56 167
61 167
62 167
64 167
68 167
72 167
73 167
75 167
76 167
79 167
80 167
81 167
85 167
86 167
88 167
89 167
90 167
91 167
95 167
109 167
112 167
114 167
117 167
119 167
120 167
121 167
123 167
126 167
130 167
131 167
134 167
136 167
138 167
140 167
142 167
144 167
146 167
149 167
152 167
153 167
154 167
157 167
158 167
159 167
160 167
161 167
165 167
166 167
10 168
12 168
14 168
16 168
17 168
19 168
23 168
25 168
26 168
30 168
31 168
36 168
37 168
42 168
46 168
47 168
49 168
51 168
52 168
53 168
54 168
56 168
57 168
62 168
64 168
80 168
84 168
87 168
94 168
103 168
112 168
116 168
117 168
119 168
120 168
121 168
122 168
123 168
124 168
127 168
131 168
134 168
136 168
140 168
141 168
142 168
144 168
149 168
153 168
154 168
155 168
157 168
158 168
159 168
161 168
166 168
167 168
3 169
9 169
13 169
18 169
24 169
32 169
40 169
48 169
59 169
65 169
67 169
70 169
71 169
78 169
96 169
102 169
111 169
113 169
115 169
118 169
128 169
145 169
151 169
164 169
3 170
8 170
9 170
13 170
17 170
18 170
19 170
23 170
24 170
40 170
48 170
49 170
51 170
57 170
59 170
66 170
67 170
69 170
70 170
87 170
93 170
94 170
96 170
97 170
99 170
102 170
111 170
113 170
115 170
116 170
124 170
128 170
145 170
147 170
150 170
151 170
155 170
156 170
163 170
164 170
169 170
0 171
1 171
2 171
5 171
6 171
15 171
21 171
27 171
28 171
29 171
33 171
34 171
35 171
39 171
41 171
43 171
44 171
50 171
58 171
60 171
68 171
72 171
73 171
76 171
79 171
82 171
85 171
88 171
91 171
92 171
98 171
101 171
104 171
105 171
106 171
107 171
108 171
110 171
125 171
126 171
129 171
133 171
137 171
138 171
143 171
148 171
162 171
165 171
4 172
45 172
63 172
74 172
132 172
135 172
139 172
1 173
6 173
7 173
10 173
11 173
14 173
16 173
20 173
22 173
25 173
27 173
28 173
29 173
30 173
34 173
37 173
38 173
39 173
42 173
47 173
50 173
52 173
54 173
55 173
56 173
60 173
61 173
62 173
64 173
68 173
72 173
73 173
75 173
76 173
79 173
80 173
81 173
85 173
86 173
88 173
89 173
90 173
91 173
95 173
104 173
106 173
108 173
109 173
110 173
114 173
117 173
119 173
120 173
123 173
125 173
126 173
129 173
130 173
131 173
134 173
138 173
140 173
143 173
146 173
149 173
152 173
153 173
154 173
157 173
159 173
160 173
165 173
166 173
167 173
0 174
1 174
2 174
5 174
6 174
7 174
15 174
27 174
28 174
29 174
33 174
34 174
35 174
38 174
39 174
41 174
43 174
44 174
50 174
55 174
58 174
60 174
61 174
68 174
72 174
73 174
76 174
79 174
81 174
82 174
85 174
86 174
88 174
89 174
90 174
91 174
95 174
101 174
104 174
105 174
106 174
107 174
108 174
109 174
110 174
125 174
126 174
129 174
130 174
133 174
138 174
143 174
148 174
162 174
165 174
171 174
173 174
3 175
9 175
18 175
24 175
32 175
40 175
48 175
59 175
65 175
67 175
70 175
71 175
78 175
96 175
100 175
102 175
111 175
113 175
115 175
118 175
128 175
145 175
151 175
164 175
169 175
170 175
10 176
11 176
12 176
14 176
16 176
17 176
19 176
20 176
22 176
25 176
26 176
30 176
31 176
36 176
37 176
42 176
46 176
47 176
49 176
51 176
52 176
53 176
54 176
56 176
57 176
62 176
64 176
75 176
80 176
84 176
87 176
94 176
103 176
112 176
114 176
116 176
117 176
119 176
120 176
121 176
122 176
123 176
124 176
127 176
131 176
134 176
136 176
140 176
141 176
142 176
144 176
146 176
149 176
152 176
153 176
154 176
155 176
157 176
158 176
159 176
160 176
161 176
166 176
167 176
168 176
3 177
8 177
9 177
13 177
18 177
23 177
24 177
40 177
48 177
59 177
66 177
67 177
69 177
70 177
71 177
93 177
96 177
97 177
99 177
102 177
111 177
113 177
115 177
128 177
145 177
147 177
150 177
151 177
156 177
163 177
164 177
169 177
170 177
175 177
10 178
11 178
12 178
14 178
16 178
17 178
19 178
20 178
22 178
25 178
26 178
30 178
31 178
36 178
37 178
42 178
46 178
47 178
49 178
51 178
52 178
53 178
54 178
56 178
57 178
62 178
64 178
75 178
80 178
84 178
87 178
94 178
103 178
112 178
114 178
116 178
117 178
119 178
120 178
121 178
122 178
123 178
124 178
127 178
131 178
134 178
136 178
140 178
141 178
142 178
144 178
146 178
149 178
152 178
153 178
154 178
155 178
157 178
158 178
159 178
160 178
161 178
166 178
167 178
168 178
176 178
8 179
12 179
16 179
17 179
19 179
23 179
25 179
26 179
30 179
31 179
36 179
46 179
47 179
49 179
51 179
52 179
53 179
54 179
56 179
57 179
62 179
66 179
69 179
80 179
84 179
87 179
93 179
94 179
97 179
99 179
103 179
112 179
116 179
119 179
120 179
121 179
122 179
123 179
124 179
127 179
131 179
136 179
141 179
142 179
144 179
147 179
149 179
153 179
154 179
155 179
156 179
158 179
159 179
161 179
163 179
168 179
176 179
178 179
0 180
1 180
2 180
5 180
6 180
15 180
21 180
27 180
28 180
29 180
33 180
34 180
35 180
39 180
41 180
43 180
44 180
50 180
58 180
60 180
68 180
72 180
73 180
76 180
79 180
82 180
85 180
91 180
92 180
98 180
101 180
104 180
105 180
106 180
107 180
108 180
110 180
125 180
126 180
129 180
133 180
137 180
138 180
143 180
148 180
162 180
165 180
171 180
174 180
3 181
9 181
13 181
18 181
24 181
32 181
40 181
48 181
59 181
65 181
67 181
70 181
71 181
78 181
96 181
102 181
111 181
113 181
115 181
118 181
128 181
145 181
151 181
164 181
169 181
170 181
175 181
177 181
3 182
9 182
13 182
18 182
24 182
32 182
40 182
48 182
59 182
65 182
66 182
67 182
69 182
70 182
71 182
78 182
96 182
97 182
99 182
102 182
111 182
113 182
115 182
128 182
145 182
150 182
151 182
156 182
164 182
169 182
170 182
175 182
177 182
181 182
3 183
8 183
9 183
13 183
18 183
24 183
32 183
40 183
48 183
59 183
65 183
66 183
67 183
69 183
70 183
71 183
93 183
96 183
97 183
99 183
102 183
111 183
113 183
115 183
128 183
145 183
147 183
150 183
151 183
156 183
163 183
164 183
169 183
170 183
175 183
177 183
181 183
182 183
3 184
8 184
9 184
13 184
18 184
23 184
24 184
40 184
48 184
59 184
65 184
66 184
67 184
69 184
70 184
71 184
93 184
96 184
97 184
99 184
102 184
111 184
113 184
115 184
128 184
145 184
147 184
150 184
151 184
156 184
163 184
164 184
169 184
170 184
175 184
177 184
181 184
182 184
183 184
3 185
8 185
9 185
13 185
17 185
18 185
19 185
23 185
24 185
31 185
40 185
48 185
49 185
51 185
57 185
59 185
66 185
69 185
70 185
84 185
87 185
93 185
94 185
96 185
97 185
99 185
102 185
103 185
111 185
113 185
115 185
116 185
122 185
124 185
127 185
141 185
145 185
147 185
150 185
151 185
155 185
156 185
163 185
170 185
177 185
179 185
182 185
183 185
184 185
1 186
6 186
7 186
10 186
11 186
14 186
20 186
22 186
25 186
27 186
28 186
29 186
34 186
37 186
38 186
39 186
41 186
42 186
47 186
50 186
52 186
54 186
55 186
56 186
60 186
61 186
62 186
64 186
68 186
72 186
73 186
75 186
76 186
79 186
80 186
81 186
85 186
86 186
88 186
89 186
90 186
91 186
95 186
104 186
106 186
108 186
109 186
110 186
114 186
117 186
119 186
123 186
125 186
126 186
129 186
130 186
131 186
134 186
138 186
140 186
143 186
146 186
149 186
152 186
154 186
157 186
159 186
160 186
162 186
165 186
166 186
167 186
173 186
174 186
1 187
2 187
6 187
7 187
10 187
11 187
14 187
20 187
22 187
27 187
28 187
29 187
34 187
37 187
38 187
39 187
41 187
42 187
44 187
47 187
50 187
52 187
55 187
56 187
60 187
61 187
62 187
64 187
68 187
72 187
73 187
75 187
76 187
79 187
81 187
82 187
85 187
86 187
88 187
89 187
90 187
91 187
95 187
104 187
106 187
107 187
108 187
109 187
110 187
114 187
117 187
119 187
125 187
126 187
129 187
130 187
131 187
134 187
138 187
140 187
143 187
146 187
149 187
152 187
154 187
157 187
159 187
160 187
162 187
165 187
166 187
167 187
171 187
173 187
174 187
180 187
186 187
1 188
7 188
10 188
11 188
12 188
14 188
16 188
20 188
22 188
25 188
26 188
30 188
31 188
36 188
37 188
38 188
42 188
46 188
47 188
52 188
53 188
54 188
55 188
56 188
61 188
62 188
64 188
73 188
75 188
79 188
80 188
81 188
86 188
88 188
89 188
90 188
91 188
95 188
103 188
109 188
112 188
114 188
117 188
119 188
120 188
121 188
122 188
123 188
126 188
127 188
130 188
131 188
134 188
136 188
140 188
141 188
142 188
144 188
146 188
149 188
152 188
153 188
154 188
157 188
158 188
159 188
160 188
161 188
166 188
167 188
168 188
173 188
176 188
178 188
179 188
186 188
187 188
32 189
65 189
78 189
100 189
118 189
9 190
24 190
32 190
40 190
48 190
59 190
65 190
67 190
70 190
71 190
78 190
96 190
100 190
102 190
113 190
115 190
118 190
128 190
145 190
151 190
164 190
169 190
175 190
177 190
181 190
182 190
183 190
184 190
3 191
8 191
13 191
17 191
18 191
19 191
23 191
31 191
40 191
49 191
51 191
53 191
57 191
59 191
66 191
69 191
70 191
84 191
87 191
93 191
94 191
97 191
99 191
102 191
103 191
111 191
112 191
116 191
121 191
122 191
124 191
127 191
141 191
142 191
147 191
150 191
155 191
156 191
158 191
163 191
168 191
170 191
177 191
179 191
184 191
185 191
1 192
6 192
7 192
10 192
11 192
12 192
14 192
16 192
20 192
22 192
25 192
26 192
28 192
29 192
30 192
34 192
36 192
37 192
38 192
42 192
46 192
47 192
52 192
53 192
54 192
55 192
56 192
61 192
62 192
64 192
68 192
72 192
73 192
75 192
76 192
79 192
80 192
81 192
85 192
86 192
88 192
89 192
90 192
91 192
95 192
109 192
112 192
114 192
117 192
119 192
120 192
121 192
123 192
126 192
130 192
131 192
134 192
136 192
138 192
140 192
142 192
144 192
146 192
149 192
152 192
153 192
154 192
157 192
158 192
159 192
160 192
161 192
165 192
166 192
167 192
168 192
173 192
176 192
178 192
186 192
187 192
188 192
0 193
1 193
2 193
5 193
6 193
15 193
21 193
27 193
28 193
29 193
33 193
34 193
35 193
39 193
41 193
43 193
44 193
50 193
58 193
60 193
68 193
72 193
73 193
76 193
79 193
82 193
85 193
91 193
92 193
98 193
101 193
104 193
105 193
106 193
107 193
108 193
110 193
125 193
129 193
133 193
137 193
138 193
143 193
148 193
162 193
165 193
171 193
174 193
180 193
187 193
3 194
8 194
9 194
13 194
18 194
23 194
24 194
40 194
48 194
59 194
65 194
66 194
67 194
69 194
70 194
71 194
93 194
96 194
97 194
99 194
102 194
111 194
113 194
115 194
128 194
145 194
147 194
150 194
151 194
156 194
163 194
164 194
169 194
170 194
175 194
177 194
181 194
182 194
183 194
184 194
185 194
190 194
191 194
3 195
8 195
12 195
13 195
17 195
18 195
19 195
23 195
31 195
36 195
40 195
49 195
51 195
53 195
57 195
59 195
66 195
69 195
70 195
84 195
87 195
93 195
94 195
97 195
99 195
102 195
103 195
111 195
112 195
116 195
121 195
122 195
124 195
127 195
141 195
142 195
144 195
147 195
150 195
155 195
156 195
158 195
161 195
163 195
168 195
170 195
176 195
177 195
179 195
185 195
191 195
3 196
8 196
9 196
13 196
17 196
18 196
19 196
23 196
24 196
40 196
48 196
57 196
59 196
66 196
67 196
69 196
70 196
71 196
87 196
93 196
94 196
96 196
97 196
99 196
102 196
111 196
113 196
115 196
128 196
145 196
147 196
150 196
151 196
156 196
163 196
164 196
169 196
170 196
175 196
177 196
181 196
182 196
183 196
184 196
185 196
190 196
191 196
194 196
195 196
1 197
6 197
7 197
10 197
11 197
14 197
16 197
20 197
22 197
25 197
27 197
28 197
29 197
34 197
37 197
38 197
39 197
41 197
42 197
47 197
50 197
52 197
54 197
55 197
56 197
60 197
61 197
62 197
64 197
68 197
72 197
73 197
75 197
76 197
79 197
80 197
81 197
85 197
86 197
88 197
89 197
90 197
91 197
95 197
104 197
106 197
108 197
109 197
110 197
114 197
117 197
119 197
123 197
125 197
126 197
129 197
130 197
131 197
134 197
138 197
140 197
143 197
146 197
149 197
152 197
154 197
157 197
159 197
160 197
162 197
165 197
166 197
167 197
173 197
174 197
186 197
187 197
188 197
192 197
0 198
1 198
2 198
5 198
6 198
15 198
21 198
27 198
28 198
29 198
33 198
34 198
35 198
39 198
41 198
43 198
44 198
50 198
58 198
60 198
68 198
72 198
76 198
79 198
82 198
85 198
91 198
92 198
98 198
101 198
104 198
105 198
106 198
107 198
108 198
110 198
125 198
129 198
133 198
137 198
138 198
143 198
148 198
162 198
165 198
171 198
174 198
180 198
187 198
193 198
3 199
9 199
13 199
18 199
24 199
32 199
40 199
48 199
59 199
65 199
66 199
67 199
69 199
70 199
71 199
96 199
97 199
99 199
102 199
111 199
113 199
115 199
128 199
145 199
147 199
150 199
151 199
156 199
163 199
164 199
169 199
170 199
175 199
177 199
181 199
182 199
183 199
184 199
185 199
190 199
194 199
196 199