norm 0.0 1.0 200
1 2
1 4
2 4
3 5
1 6
2 7
4 7
1 8
6 8
3 9
5 9
2 10
3 10
4 10
7 10
5 11
9 11
0 12
0 13
2 14
3 14
4 14
7 14
10 14
5 15
9 15
11 15
1 16
2 16
4 16
7 16
14 16
3 18
5 18
9 18
10 18
11 18
3 19
5 19
9 19
11 19
15 19
18 19
2 20
3 20
4 20
7 20
10 20
14 20
18 20
0 21
12 21
13 21
5 22
9 22
11 22
15 22
18 22
19 22
1 23
6 23
8 23
3 24
5 24
9 24
11 24
15 24
18 24
19 24
22 24
0 25
13 25
15 25
21 25
3 26
5 26
9 26
10 26
14 26
18 26
19 26
20 26
24 26
2 27
3 27
4 27
7 27
10 27
14 27
18 27
20 27
26 27
2 28
3 28
4 28
7 28
10 28
14 28
16 28
20 28
26 28
27 28
5 29
11 29
13 29
15 29
22 29
25 29
2 30
3 30
4 30
7 30
10 30
14 30
18 30
20 30
26 30
27 30
28 30
1 31
2 31
4 31
6 31
8 31
16 31
2 32
3 32
4 32
7 32
10 32
14 32
18 32
20 32
26 32
27 32
28 32
30 32
1 33
6 33
8 33
23 33
31 33
1 34
2 34
4 34
6 34
7 34
8 34
16 34
31 34
33 34
3 35
5 35
9 35
11 35
15 35
18 35
19 35
22 35
24 35
26 35
2 36
4 36
7 36
10 36
14 36
16 36
20 36
27 36
28 36
30 36
32 36
1 37
2 37
4 37
6 37
8 37
16 37
31 37
33 37
34 37
3 38
9 38
10 38
14 38
18 38
19 38
20 38
24 38
26 38
27 38
28 38
30 38
32 38
35 38
36 38
3 39
5 39
9 39
11 39
15 39
18 39
19 39
22 39
24 39
26 39
29 39
35 39
38 39
2 40
4 40
7 40
10 40
14 40
16 40
20 40
27 40
28 40
30 40
31 40
32 40
34 40
36 40
37 40
3 41
5 41
9 41
10 41
14 41
18 41
19 41
20 41
24 41
26 41
27 41
28 41
30 41
32 41
35 41
38 41
39 41
1 42
2 42
4 42
7 42
14 42
16 42
28 42
31 42
34 42
36 42
37 42
40 42
5 43
11 43
13 43
15 43
21 43
22 43
25 43
29 43
0 44
12 44
13 44
21 44
25 44
29 44
43 44
5 45
11 45
13 45
15 45
21 45
22 45
25 45
29 45
43 45
44 45
17 47
3 48
5 48
9 48
11 48
15 48
18 48
19 48
22 48
24 48
26 48
35 48
38 48
39 48
41 48
3 49
5 49
9 49
11 49
15 49
18 49
19 49
22 49
24 49
26 49
35 49
38 49
39 49
41 49
48 49
0 50
13 50
15 50
21 50
25 50
29 50
43 50
44 50
45 50
0 51
11 51
13 51
15 51
21 51
22 51
25 51
29 51
43 51
44 51
45 51
50 51
0 52
12 52
13 52
21 52
25 52
43 52
44 52
45 52
50 52
51 52
17 53
47 53
0 54
12 54
13 54
21 54
25 54
29 54
43 54
44 54
45 54
50 54
51 54
52 54
3 55
5 55
9 55
11 55
15 55
18 55
19 55
22 55
24 55
26 55
35 55
38 55
39 55
41 55
48 55
49 55
2 56
3 56
4 56
7 56
10 56
14 56
18 56
20 56
26 56
27 56
28 56
30 56
32 56
36 56
38 56
40 56
41 56
0 57
13 57
21 57
25 57
29 57
43 57
44 57
45 57
50 57
51 57
52 57
54 57
3 58
5 58
9 58
11 58
15 58
18 58
19 58
22 58
24 58
26 58
30 58
35 58
38 58
39 58
41 58
48 58
49 58
55 58
17 59
47 59
53 59
5 60
9 60
11 60
15 60
18 60
19 60
22 60
24 60
29 60
35 60
39 60
43 60
45 60
48 60
49 60
51 60
55 60
58 60
2 61
4 61
7 61
10 61
14 61
16 61
20 61
26 61
27 61
28 61
30 61
32 61
36 61
38 61
40 61
41 61
42 61
56 61
5 62
11 62
13 62
15 62
22 62
25 62
29 62
39 62
43 62
44 62
45 62
50 62
51 62
54 62
57 62
60 62
2 63
4 63
7 63
10 63
14 63
16 63
20 63
27 63
28 63
30 63
32 63
36 63
38 63
40 63
42 63
56 63
61 63
3 64
5 64
9 64
11 64
15 64
18 64
19 64
22 64
24 64
26 64
35 64
38 64
39 64
41 64
48 64
49 64
55 64
58 64
60 64
2 65
4 65
7 65
10 65
14 65
16 65
20 65
27 65
28 65
30 65
31 65
32 65
34 65
36 65
37 65
40 65
42 65
56 65
61 65
63 65
2 66
4 66
7 66
10 66
14 66
16 66
20 66
27 66
28 66
30 66
31 66
32 66
34 66
36 66
37 66
40 66
42 66
56 66
61 66
63 66
65 66
1 67
2 67
4 67
7 67
16 67
31 67
33 67
34 67
36 67
37 67
40 67
42 67
61 67
63 67
65 67
66 67
3 68
7 68
10 68
14 68
18 68
19 68
20 68
26 68
27 68
28 68
30 68
32 68
36 68
38 68
40 68
41 68
48 68
56 68
58 68
61 68
63 68
65 68
66 68
1 69
6 69
8 69
16 69
23 69
31 69
33 69
34 69
37 69
42 69
67 69
3 70
5 70
9 70
10 70
11 70
15 70
18 70
19 70
20 70
22 70
24 70
26 70
27 70
30 70
32 70
35 70
38 70
39 70
41 70
48 70
49 70
55 70
56 70
58 70
60 70
64 70
68 70
2 71
4 71
7 71
10 71
14 71
16 71
20 71
27 71
28 71
30 71
32 71
36 71
38 71
40 71
42 71
56 71
61 71
63 71
65 71
66 71
67 71
68 71
12 72
46 72
3 73
7 73
9 73
10 73
14 73
18 73
19 73
20 73
24 73
26 73
27 73
28 73
30 73
32 73
35 73
36 73
38 73
41 73
48 73
49 73
55 73
56 73
58 73
61 73
63 73
64 73
68 73
70 73
71 73
3 74
5 74
9 74
11 74
15 74
18 74
19 74
22 74
24 74
26 74
29 74
35 74
39 74
41 74
45 74
48 74
49 74
55 74
58 74
60 74
62 74
64 74
70 74
2 75
3 75
4 75
7 75
10 75
14 75
16 75
20 75
26 75
27 75
28 75
30 75
32 75
36 75
38 75
40 75
41 75
42 75
56 75
61 75
63 75
65 75
66 75
68 75
71 75
73 75
2 76
3 76
4 76
7 76
10 76
14 76
16 76
18 76
20 76
26 76
27 76
28 76
30 76
32 76
36 76
38 76
40 76
41 76
42 76
56 76
61 76
63 76
65 76
66 76
68 76
71 76
73 76
75 76
3 77
5 77
9 77
11 77
15 77
18 77
19 77
22 77
24 77
26 77
35 77
38 77
39 77
41 77
48 77
49 77
55 77
58 77
60 77
64 77
70 77
73 77
74 77
1 78
2 78
4 78
6 78
8 78
16 78
23 78
31 78
33 78
34 78
37 78
42 78
67 78
69 78
3 79
5 79
9 79
11 79
15 79
18 79
19 79
22 79
24 79
26 79
35 79
38 79
39 79
41 79
48 79
49 79
55 79
58 79
60 79
64 79
70 79
73 79
74 79
77 79
3 80
9 80
10 80
14 80
18 80
19 80
20 80
24 80
26 80
27 80
28 80
30 80
32 80
35 80
36 80
38 80
39 80
41 80
48 80
49 80
55 80
56 80
58 80
61 80
64 80
68 80
70 80
73 80
74 80
75 80
76 80
77 80
79 80
5 81
9 81
11 81
15 81
19 81
22 81
24 81
25 81
29 81
35 81
39 81
43 81
45 81
48 81
49 81
50 81
51 81
55 81
58 81
60 81
62 81
64 81
74 81
77 81
79 81
2 82
3 82
4 82
7 82
10 82
14 82
16 82
18 82
20 82
26 82
27 82
28 82
30 82
32 82
36 82
38 82
40 82
41 82
42 82
56 82
61 82
63 82
65 82
66 82
68 82
71 82
73 82
75 82
76 82
80 82
3 83
7 83
10 83
14 83
18 83
19 83
20 83
26 83
27 83
28 83
30 83
32 83
36 83
38 83
41 83
48 83
49 83
56 83
58 83
61 83
63 83
64 83
65 83
66 83
68 83
70 83
71 83
73 83
75 83
76 83
79 83
80 83
82 83
6 84
8 84
17 84
23 84
33 84
59 84
1 85
2 85
4 85
7 85
16 85
31 85
33 85
34 85
36 85
37 85
40 85
42 85
61 85
63 85
65 85
66 85
67 85
69 85
71 85
78 85
3 86
5 86
9 86
11 86
15 86
18 86
19 86
22 86
24 86
26 86
35 86
38 86
39 86
41 86
48 86
49 86
55 86
58 86
60 86
64 86
68 86
70 86
73 86
74 86
77 86
79 86
80 86
81 86
83 86
3 87
5 87
9 87
11 87
15 87
18 87
19 87
22 87
24 87
26 87
29 87
35 87
39 87
41 87
45 87
48 87
49 87
55 87
58 87
60 87
62 87
64 87
70 87
74 87
77 87
79 87
80 87
81 87
86 87
2 88
4 88
7 88
10 88
14 88
16 88
20 88
27 88
28 88
30 88
32 88
34 88
36 88
37 88
40 88
42 88
56 88
61 88
63 88
65 88
66 88
67 88
68 88
71 88
75 88
76 88
82 88
83 88
85 88
1 89
6 89
8 89
23 89
31 89
33 89
34 89
37 89
69 89
78 89
84 89
5 90
9 90
11 90
13 90
15 90
19 90
22 90
24 90
25 90
29 90
35 90
39 90
43 90
45 90
48 90
49 90
50 90
51 90
55 90
57 90
60 90
62 90
64 90
74 90
77 90
79 90
81 90
86 90
87 90
0 91
12 91
13 91
21 91
25 91
29 91
43 91
44 91
45 91
50 91
51 91
52 91
54 91
57 91
62 91
0 92
13 92
21 92
25 92
29 92
43 92
44 92
45 92
50 92
51 92
52 92
54 92
57 92
62 92
90 92
91 92
0 93
13 93
21 93
25 93
29 93
43 93
44 93
45 93
50 93
51 93
52 93
54 93
57 93
62 93
90 93
91 93
92 93
12 94
46 94
72 94
3 95
5 95
9 95
11 95
15 95
18 95
19 95
22 95
24 95
26 95
29 95
35 95
39 95
41 95
45 95
48 95
49 95
55 95
58 95
60 95
62 95
64 95
70 95
74 95
77 95
79 95
80 95
81 95
86 95
87 95
90 95
2 96
3 96
4 96
7 96
10 96
14 96
16 96
18 96
20 96
26 96
27 96
28 96
30 96
32 96
36 96
38 96
40 96
41 96
42 96
56 96
61 96
63 96
65 96
66 96
68 96
71 96
73 96
75 96
76 96
80 96
82 96
83 96
88 96
5 97
9 97
11 97
13 97
15 97
22 97
24 97
25 97
29 97
35 97
39 97
43 97
45 97
49 97
50 97
51 97
55 97
57 97
60 97
62 97
64 97
74 97
77 97
79 97
81 97
87 97
90 97
91 97
92 97
93 97
95 97
3 98
7 98
10 98
14 98
18 98
19 98
20 98
26 98
27 98
28 98
30 98
32 98
36 98
38 98
41 98
48 98
49 98
56 98
58 98
61 98
63 98
64 98
65 98
66 98
68 98
70 98
71 98
73 98
75 98
76 98
79 98
80 98
82 98
83 98
86 98
88 98
96 98
17 99
47 99
53 99
59 99
84 99
3 100
5 100
9 100
11 100
15 100
18 100
19 100
22 100
24 100
29 100
35 100
39 100
43 100
45 100
48 100
49 100
55 100
58 100
60 100
62 100
64 100
70 100
74 100
77 100
79 100
81 100
86 100
87 100
90 100
95 100
97 100
2 101
4 101
7 101
10 101
14 101
16 101
20 101
27 101
28 101
30 101
32 101
34 101
36 101
37 101
40 101
42 101
56 101
61 101
63 101
65 101
66 101
67 101
68 101
71 101
75 101
76 101
82 101
83 101
85 101
88 101
96 101
98 101
3 102
7 102
10 102
14 102
18 102
19 102
20 102
26 102
27 102
28 102
30 102
32 102
36 102
38 102
40 102
41 102
48 102
56 102
58 102
61 102
63 102
64 102
65 102
66 102
68 102
70 102
71 102
73 102
75 102
76 102
80 102
82 102
83 102
86 102
88 102
96 102
98 102
101 102
2 103
3 103
4 103
7 103
10 103
14 103
16 103
20 103
26 103
27 103
28 103
30 103
32 103
36 103
38 103
40 103
41 103
42 103
56 103
61 103
63 103
65 103
66 103
68 103
71 103
73 103
75 103
76 103
80 103
82 103
83 103
88 103
96 103
98 103
101 103
102 103
3 104
5 104
9 104
11 104
15 104
18 104
19 104
22 104
24 104
29 104
35 104
39 104
41 104
43 104
45 104
48 104
49 104
55 104
58 104
60 104
62 104
64 104
70 104
74 104
77 104
79 104
81 104
86 104
87 104
90 104
95 104
97 104
100 104
2 105
4 105
7 105
10 105
14 105
16 105
20 105
27 105
28 105
30 105
31 105
32 105
34 105
36 105
37 105
40 105
42 105
56 105
61 105
63 105
65 105
66 105
67 105
68 105
71 105
75 105
76 105
82 105
83 105
85 105
88 105
96 105
98 105
101 105
102 105
103 105
5 106
9 106
11 106
13 106
15 106
22 106
24 106
25 106
29 106
35 106
39 106
43 106
45 106
50 106
51 106
54 106
55 106
57 106
60 106
62 106
74 106
77 106
81 106
87 106
90 106
91 106
92 106
93 106
95 106
97 106
100 106
104 106
3 107
5 107
9 107
10 107
11 107
15 107
18 107
19 107
20 107
22 107
24 107
26 107
27 107
30 107
32 107
35 107
38 107
39 107
41 107
48 107
49 107
55 107
56 107
58 107
60 107
64 107
68 107
70 107
73 107
74 107
77 107
79 107
80 107
81 107
83 107
86 107
87 107
95 107
98 107
100 107
102 107
104 107
0 108
12 108
13 108
21 108
25 108
44 108
50 108
52 108
54 108
57 108
91 108
92 108
93 108
3 109
5 109
9 109
11 109
15 109
18 109
19 109
22 109
24 109
26 109
35 109
38 109
39 109
41 109
48 109
49 109
55 109
58 109
60 109
64 109
70 109
73 109
74 109
77 109
79 109
80 109
81 109
83 109
86 109
87 109
90 109
95 109
97 109
98 109
100 109
104 109
107 109
5 110
11 110
13 110
15 110
21 110
22 110
25 110
29 110
43 110
44 110
45 110
50 110
51 110
52 110
54 110
57 110
60 110
62 110
74 110
81 110
87 110
90 110
91 110
92 110
93 110
95 110
97 110
100 110
104 110
106 110
3 111
9 111
10 111
14 111
18 111
19 111
20 111
24 111
26 111
27 111
28 111
30 111
32 111
35 111
36 111
38 111
39 111
41 111
48 111
49 111
55 111
56 111
58 111
61 111
64 111
68 111
70 111
73 111
74 111
75 111
76 111
77 111
79 111
80 111
82 111
83 111
86 111
87 111
95 111
96 111
98 111
102 111
103 111
107 111
109 111
3 112
5 112
9 112
11 112
15 112
18 112
19 112
22 112
24 112
26 112
35 112
38 112
39 112
41 112
48 112
49 112
55 112
58 112
60 112
64 112
70 112
73 112
74 112
77 112
79 112
80 112
81 112
86 112
87 112
90 112
95 112
97 112
100 112
104 112
106 112
107 112
109 112
111 112
3 113
5 113
9 113
11 113
15 113
18 113
19 113
20 113
22 113
24 113
26 113
27 113
30 113
32 113
35 113
38 113
39 113
41 113
48 113
49 113
55 113
56 113
58 113
60 113
64 113
68 113
70 113
73 113
74 113
77 113
79 113
80 113
81 113
83 113
86 113
87 113
95 113
98 113
100 113
102 113
104 113
107 113
109 113
111 113
112 113
3 114
7 114
9 114
10 114
14 114
18 114
19 114
20 114
26 114
27 114
28 114
30 114
32 114
35 114
36 114
38 114
41 114
48 114
49 114
56 114
58 114
61 114
63 114
64 114
68 114
70 114
71 114
73 114
75 114
76 114
77 114
79 114
80 114
82 114
83 114
86 114
88 114
96 114
98 114
101 114
102 114
103 114
105 114
107 114
109 114
111 114
113 114
2 115
4 115
7 115
10 115
14 115
16 115
20 115
27 115
28 115
30 115
32 115
34 115
36 115
40 115
42 115
56 115
61 115
63 115
65 115
66 115
67 115
68 115
71 115
73 115
75 115
76 115
82 115
83 115
85 115
88 115
96 115
98 115
101 115
102 115
103 115
105 115
114 115
5 116
11 116
13 116
15 116
21 116
22 116
25 116
29 116
43 116
44 116
45 116
50 116
51 116
54 116
57 116
60 116
62 116
74 116
81 116
87 116
90 116
91 116
92 116
93 116
95 116
97 116
100 116
104 116
106 116
110 116
12 117
46 117
72 117
94 117
108 117
3 118
5 118
9 118
11 118
15 118
18 118
19 118
22 118
24 118
26 118
29 118
35 118
39 118
41 118
45 118
48 118
49 118
55 118
58 118
60 118
62 118
64 118
70 118
74 118
77 118
79 118
80 118
81 118
86 118
87 118
90 118
95 118
97 118
100 118
104 118
106 118
107 118
109 118
110 118
111 118
112 118
113 118
116 118
1 119
2 119
4 119
7 119
16 119
31 119
33 119
34 119
36 119
37 119
40 119
42 119
61 119
63 119
65 119
66 119
67 119
69 119
71 119
78 119
85 119
88 119
101 119
103 119
105 119
115 119
46 120
72 120
94 120
117 120
3 121
5 121
9 121
10 121
11 121
18 121
19 121
20 121
22 121
24 121
26 121
27 121
30 121
32 121
35 121
38 121
39 121
41 121
48 121
49 121
55 121
56 121
58 121
60 121
64 121
68 121
70 121
73 121
74 121
77 121
79 121
80 121
83 121
86 121
87 121
95 121
98 121
100 121
102 121
104 121
107 121
109 121
111 121
112 121
113 121
114 121
118 121
3 122
5 122
9 122
11 122
15 122
18 122
19 122
22 122
24 122
26 122
35 122
38 122
39 122
41 122
48 122
49 122
55 122
58 122
60 122
64 122
70 122
73 122
74 122
77 122
79 122
80 122
81 122
86 122
87 122
90 122
95 122
97 122
100 122
104 122
106 122
107 122
109 122
111 122
112 122
113 122
114 122
118 122
121 122
5 123
9 123
11 123
13 123
15 123
19 123
22 123
24 123
25 123
29 123
35 123
39 123
43 123
45 123
48 123
49 123
50 123
51 123
55 123
57 123
58 123
60 123
62 123
64 123
74 123
77 123
79 123
81 123
86 123
87 123
90 123
92 123
93 123
95 123
97 123
100 123
104 123
106 123
109 123
110 123
112 123
116 123
118 123
122 123
1 124
2 124
4 124
6 124
7 124
8 124
16 124
31 124
33 124
34 124
37 124
40 124
42 124
65 124
66 124
67 124
69 124
78 124
85 124
88 124
89 124
101 124
105 124
115 124
119 124
1 125
2 125
4 125
7 125
10 125
14 125
16 125
20 125
27 125
28 125
30 125
31 125
32 125
34 125
36 125
37 125
40 125
42 125
56 125
61 125
63 125
65 125
66 125
67 125
71 125
75 125
76 125
78 125
82 125
85 125
88 125
96 125
101 125
103 125
105 125
115 125
119 125
124 125
2 126
4 126
7 126
10 126
14 126
16 126
20 126
27 126
28 126
30 126
32 126
34 126
36 126
37 126
40 126
42 126
56 126
61 126
63 126
65 126
66 126
67 126
68 126
71 126
75 126
76 126
82 126
83 126
85 126
88 126
96 126
98 126
101 126
102 126
103 126
105 126
114 126
115 126
119 126
124 126
125 126
3 127
5 127
9 127
10 127
14 127
18 127
19 127
20 127
24 127
26 127
27 127
28 127
30 127
32 127
35 127
38 127
39 127
41 127
48 127
49 127
55 127
56 127
58 127
64 127
68 127
70 127
73 127
74 127
75 127
76 127
77 127
79 127
80 127
82 127
83 127
86 127
87 127
95 127
96 127
98 127
100 127
102 127
104 127
107 127
109 127
111 127
112 127
113 127
114 127
118 127
121 127
122 127
5 128
11 128
13 128
15 128
21 128
22 128
25 128
29 128
43 128
44 128
45 128
50 128
51 128
54 128
57 128
60 128
62 128
74 128
81 128
87 128
90 128
91 128
92 128
93 128
95 128
97 128
100 128
104 128
106 128
110 128
116 128
118 128
123 128
1 129
2 129
4 129
7 129
16 129
31 129
33 129
34 129
36 129
37 129
40 129
42 129
63 129
65 129
66 129
67 129
69 129
71 129
78 129
85 129
88 129
101 129
105 129
115 129
119 129
124 129
125 129
126 129
5 130
9 130
11 130
13 130
15 130
22 130
24 130
25 130
29 130
35 130
39 130
43 130
45 130
49 130
50 130
51 130
55 130
57 130
60 130
62 130
74 130
77 130
79 130
81 130
87 130
90 130
91 130
92 130
93 130
95 130
97 130
100 130
104 130
106 130
109 130
110 130
112 130
116 130
118 130
122 130
123 130
128 130
1 131
2 131
4 131
7 131
14 131
16 131
28 131
31 131
34 131
36 131
37 131
40 131
42 131
61 131
63 131
65 131
66 131
67 131
71 131
75 131
76 131
78 131
82 131
85 131
88 131
96 131
101 131
103 131
105 131
115 131
119 131
124 131
125 131
126 131
129 131
3 132
5 132
9 132
11 132
15 132
18 132
19 132
22 132
24 132
26 132
29 132
35 132
39 132
41 132
45 132
48 132
49 132
55 132
58 132
60 132
62 132
64 132
70 132
74 132
77 132
79 132
80 132
81 132
86 132
87 132
90 132
95 132
97 132
100 132
104 132
106 132
107 132
109 132
110 132
111 132
112 132
113 132
116 132
118 132
121 132
122 132
123 132
127 132
128 132
130 132
17 133
47 133
53 133
59 133
84 133
99 133
0 134
12 134
13 134
21 134
25 134
29 134
43 134
44 134
45 134
50 134
51 134
52 134
54 134
57 134
62 134
91 134
92 134
93 134
108 134
110 134
116 134
128 134
5 135
11 135
13 135
15 135
21 135
22 135
25 135
29 135
43 135
44 135
45 135
50 135
51 135
52 135
54 135
57 135
60 135
62 135
74 135
81 135
87 135
90 135
91 135
92 135
93 135
95 135
97 135
100 135
104 135
106 135
110 135
116 135
118 135
123 135
128 135
130 135
132 135
134 135
3 136
5 136
9 136
10 136
14 136
18 136
19 136
20 136
24 136
26 136
27 136
28 136
30 136
32 136
35 136
38 136
39 136
41 136
48 136
49 136
55 136
56 136
58 136
64 136
68 136
70 136
73 136
74 136
75 136
76 136
77 136
79 136
80 136
82 136
83 136
86 136
87 136
95 136
96 136
98 136
100 136
102 136
103 136
104 136
107 136
109 136
111 136
112 136
113 136
114 136
118 136
121 136
122 136
127 136
132 136
1 137
2 137
4 137
6 137
8 137
16 137
31 137
33 137
34 137
37 137
40 137
42 137
65 137
66 137
67 137
69 137
78 137
85 137
89 137
105 137
119 137
124 137
125 137
129 137
131 137
5 138
11 138
13 138
15 138
21 138
22 138
25 138
29 138
39 138
43 138
44 138
45 138
50 138
51 138
54 138
57 138
60 138
62 138
74 138
81 138
87 138
90 138
91 138
92 138
93 138
95 138
97 138
100 138
104 138
106 138
110 138
116 138
118 138
123 138
128 138
130 138
132 138
134 138
135 138
2 139
3 139
4 139
7 139
10 139
14 139
18 139
20 139
26 139
27 139
28 139
30 139
32 139
36 139
38 139
40 139
41 139
56 139
61 139
63 139
65 139
66 139
68 139
70 139
71 139
73 139
75 139
76 139
80 139
82 139
83 139
88 139
96 139
98 139
101 139
102 139
103 139
105 139
107 139
111 139
113 139
114 139
115 139
121 139
125 139
126 139
127 139
136 139
3 140
7 140
10 140
14 140
18 140
19 140
20 140
26 140
27 140
28 140
30 140
32 140
36 140
38 140
41 140
48 140
49 140
56 140
58 140
61 140
63 140
64 140
65 140
66 140
68 140
70 140
71 140
73 140
75 140
76 140
79 140
80 140
82 140
83 140
86 140
88 140
96 140
98 140
101 140
102 140
103 140
105 140
107 140
109 140
111 140
113 140
114 140
115 140
121 140
126 140
127 140
136 140
139 140
1 141
2 141
4 141
7 141
10 141
14 141
16 141
27 141
28 141
31 141
34 141
36 141
37 141
40 141
42 141
56 141
61 141
63 141
65 141
66 141
67 141
71 141
75 141
76 141
78 141
82 141
85 141
88 141
96 141
101 141
103 141
105 141
115 141
119 141
124 141
125 141
126 141
129 141
131 141
137 141
139 141
3 142
5 142
9 142
11 142
15 142
18 142
19 142
22 142
24 142
26 142
29 142
35 142
39 142
41 142
45 142
48 142
49 142
55 142
58 142
60 142
62 142
64 142
70 142
74 142
77 142
79 142
80 142
81 142
86 142
87 142
90 142
95 142
97 142
100 142
104 142
106 142
107 142
109 142
110 142
111 142
112 142
113 142
116 142
118 142
121 142
122 142
123 142
127 142
128 142
130 142
132 142
135 142
136 142
138 142
3 143
5 143
9 143
11 143
15 143
18 143
19 143
22 143
24 143
26 143
29 143
35 143
39 143
41 143
45 143
48 143
49 143
55 143
58 143
60 143
62 143
64 143
70 143
74 143
77 143
79 143
80 143
81 143
86 143
87 143
90 143
95 143
97 143
100 143
104 143
106 143
107 143
109 143
110 143
111 143
112 143
113 143
116 143
118 143
121 143
122 143
123 143
127 143
128 143
130 143
132 143
135 143
136 143
138 143
142 143
1 144
2 144
4 144
7 144
14 144
16 144
31 144
33 144
34 144
36 144
37 144
40 144
42 144
61 144
63 144
65 144
66 144
67 144
69 144
71 144
78 144
85 144
88 144
101 144
103 144
105 144
115 144
119 144
124 144
125 144
126 144
129 144
131 144
137 144
141 144
5 145
9 145
11 145
15 145
18 145
19 145
22 145
24 145
29 145
35 145
39 145
43 145
45 145
48 145
49 145
55 145
58 145
60 145
62 145
64 145
70 145
74 145
77 145
79 145
81 145
86 145
87 145
90 145
95 145
97 145
100 145
104 145
106 145
107 145
109 145
110 145
112 145
113 145
116 145
118 145
121 145
122 145
123 145
127 145
128 145
130 145
132 145
135 145
138 145
142 145
143 145
1 146
2 146
4 146
7 146
10 146
14 146
16 146
20 146
27 146
28 146
30 146
31 146
32 146
34 146
36 146
37 146
40 146
42 146
56 146
61 146
63 146
65 146
66 146
67 146
71 146
75 146
76 146
78 146
82 146
85 146
88 146
96 146
101 146
103 146
105 146
115 146
119 146
124 146
125 146
126 146
129 146
131 146
137 146
139 146
141 146
144 146
0 147
11 147
13 147
15 147
21 147
22 147
25 147
29 147
43 147
44 147
45 147
50 147
51 147
52 147
54 147
57 147
60 147
62 147
81 147
90 147
91 147
92 147
93 147
97 147
106 147
110 147
116 147
123 147
128 147
130 147
134 147
135 147
138 147
5 148
11 148
13 148
15 148
21 148
22 148
25 148
29 148
43 148
44 148
45 148
50 148
51 148
52 148
54 148
57 148
60 148
62 148
74 148
81 148
87 148
90 148
91 148
92 148
93 148
95 148
97 148
100 148
104 148
106 148
110 148
116 148
118 148
123 148
128 148
130 148
132 148
134 148
135 148
138 148
142 148
143 148
145 148
147 148
0 149
13 149
15 149
21 149
25 149
29 149
43 149
44 149
45 149
50 149
51 149
52 149
54 149
57 149
62 149
81 149
90 149
91 149
92 149
93 149
97 149
106 149
108 149
110 149
116 149
123 149
128 149
130 149
134 149
135 149
138 149
147 149
148 149
0 150
12 150
13 150
21 150
25 150
29 150
43 150
44 150
45 150
50 150
51 150
52 150
54 150
57 150
62 150
90 150
91 150
92 150
93 150
97 150
106 150
108 150
110 150
116 150
123 150
128 150
130 150
134 150
135 150
138 150
147 150
148 150
149 150
3 151
7 151
9 151
10 151
14 151
18 151
19 151
20 151
24 151
26 151
27 151
28 151
30 151
32 151
35 151
36 151
38 151
39 151
41 151
48 151
49 151
55 151
56 151
58 151
61 151
63 151
64 151
68 151
70 151
71 151
73 151
75 151
76 151
77 151
79 151
80 151
82 151
83 151
86 151
96 151
98 151
102 151
103 151
107 151
109 151
111 151
112 151
113 151
114 151
115 151
121 151
122 151
127 151
136 151
139 151
140 151
2 152
3 152
4 152
7 152
10 152
14 152
16 152
18 152
20 152
26 152
27 152
28 152
30 152
32 152
36 152
38 152
40 152
41 152
42 152
56 152
61 152
63 152
65 152
66 152
68 152
71 152
73 152
75 152
76 152
80 152
82 152
83 152
88 152
96 152
98 152
101 152
102 152
103 152
105 152
111 152
114 152
115 152
125 152
126 152
127 152
131 152
136 152
139 152
140 152
141 152
146 152
151 152
3 153
5 153
9 153
10 153
11 153
18 153
19 153
20 153
22 153
24 153
26 153
27 153
30 153
32 153
35 153
38 153
39 153
41 153
48 153
49 153
55 153
56 153
58 153
60 153
64 153
68 153
70 153
73 153
74 153
76 153
77 153
79 153
80 153
82 153
83 153
86 153
87 153
95 153
98 153
100 153
102 153
104 153
107 153
109 153
111 153
112 153
113 153
114 153
118 153
121 153
122 153
127 153
132 153
136 153
139 153
140 153
142 153
143 153
145 153
151 153
152 153
3 154
5 154
9 154
11 154
15 154
18 154
19 154
22 154
24 154
26 154
35 154
38 154
39 154
41 154
48 154
49 154
55 154
58 154
60 154
64 154
70 154
73 154
74 154
77 154
79 154
80 154
81 154
83 154
86 154
87 154
90 154
95 154
97 154
100 154
104 154
107 154
109 154
111 154
112 154
113 154
114 154
118 154
121 154
122 154
123 154
127 154
130 154
132 154
136 154
142 154
143 154
145 154
151 154
153 154
5 155
11 155
13 155
15 155
22 155
24 155
25 155
29 155
39 155
43 155
44 155
45 155
50 155
51 155
54 155
57 155
60 155
62 155
74 155
81 155
87 155
90 155
91 155
92 155
93 155
95 155
97 155
100 155
104 155
106 155
110 155
116 155
118 155
123 155
128 155
130 155
132 155
134 155
135 155
138 155
142 155
143 155
145 155
147 155
148 155
149 155
150 155
46 156
72 156
94 156
117 156
120 156
2 157
4 157
7 157
10 157
14 157
16 157
20 157
27 157
28 157
30 157
32 157
34 157
36 157
40 157
42 157
56 157
61 157
63 157
65 157
66 157
67 157
68 157
71 157
73 157
75 157
76 157
82 157
83 157
85 157
88 157
96 157
98 157
101 157
102 157
103 157
105 157
114 157
115 157
119 157
124 157
125 157
126 157
129 157
131 157
139 157
140 157
141 157
144 157
146 157
152 157
0 158
12 158
13 158
21 158
25 158
43 158
44 158
50 158
51 158
52 158
54 158
57 158
91 158
92 158
93 158
108 158
134 158
147 158
149 158
150 158
2 159
3 159
4 159
7 159
10 159
14 159
18 159
20 159
26 159
27 159
28 159
30 159
32 159
36 159
38 159
40 159
41 159
56 159
58 159
61 159
63 159
65 159
66 159
68 159
70 159
71 159
73 159
75 159
76 159
80 159
82 159
83 159
88 159
96 159
98 159
101 159
102 159
103 159
105 159
107 159
111 159
113 159
114 159
115 159
121 159
125 159
126 159
127 159
136 159
139 159
140 159
146 159
151 159
152 159
153 159
157 159
3 160
5 160
9 160
10 160
11 160
18 160
19 160
20 160
22 160
24 160
26 160
27 160
30 160
32 160
35 160
38 160
39 160
41 160
48 160
49 160
55 160
56 160
58 160
60 160
64 160
68 160
70 160
73 160
74 160
77 160
79 160
80 160
83 160
86 160
87 160
95 160
98 160
100 160
102 160
104 160
107 160
109 160
111 160
112 160
113 160
114 160
118 160
121 160
122 160
127 160
132 160
136 160
139 160
140 160
142 160
143 160
145 160
151 160
153 160
154 160
159 160
5 161
11 161
13 161
15 161
22 161
24 161
25 161
29 161
39 161
43 161
44 161
45 161
50 161
51 161
54 161
57 161
60 161
62 161
74 161
81 161
87 161
90 161
91 161
92 161
93 161
95 161
97 161
100 161
104 161
106 161
110 161
116 161
118 161
123 161
128 161
130 161
132 161
134 161
135 161
138 161
142 161
143 161
145 161
147 161
148 161
149 161
150 161
155 161
1 162
2 162
4 162
7 162
10 162
14 162
16 162
20 162
27 162
28 162
30 162
31 162
32 162
34 162
36 162
37 162
40 162
42 162
56 162
61 162
63 162
65 162
66 162
67 162
71 162
75 162
76 162
78 162
82 162
85 162
88 162
96 162
101 162
103 162
105 162
115 162
119 162
124 162
125 162
126 162
129 162
131 162
137 162
139 162
141 162
144 162
146 162
152 162
157 162
159 162
0 163
12 163
21 163
44 163
52 163
54 163
72 163
91 163
94 163
108 163
117 163
134 163
158 163
0 164
12 164
13 164
21 164
25 164
44 164
50 164
51 164
52 164
54 164
57 164
91 164
92 164
93 164
108 164
134 164
147 164
149 164
150 164
158 164
163 164
5 165
11 165
13 165
15 165
21 165
22 165
25 165
29 165
43 165
44 165
45 165
50 165
51 165
54 165
57 165
60 165
62 165
74 165
81 165
87 165
90 165
91 165
92 165
93 165
95 165
97 165
100 165
104 165
106 165
110 165
116 165
118 165
123 165
128 165
130 165
132 165
134 165
135 165
138 165
142 165
143 165
145 165
147 165
148 165
149 165
150 165
155 165
161 165
11 166
13 166
15 166
21 166
22 166
25 166
29 166
43 166
44 166
45 166
50 166
51 166
52 166
54 166
57 166
60 166
62 166
81 166
90 166
91 166
92 166
93 166
97 166
100 166
104 166
106 166
110 166
116 166
123 166
128 166
130 166
134 166
135 166
138 166
145 166
147 166
148 166
149 166
150 166
155 166
158 166
161 166
165 166
3 167
5 167
9 167
11 167
15 167
18 167
19 167
22 167
24 167
26 167
29 167
35 167
39 167
41 167
45 167
48 167
49 167
55 167
58 167
60 167
62 167
64 167
70 167
74 167
77 167
79 167
80 167
81 167
86 167
87 167
90 167
95 167
97 167
100 167
104 167
106 167
107 167
109 167
110 167
111 167
112 167
113 167
116 167
118 167
121 167
122 167
123 167
127 167
128 167
130 167
132 167
135 167
136 167
138 167
142 167
143 167
145 167
148 167
153 167
154 167
155 167
160 167
161 167
165 167
1 168
2 168
4 168
7 168
10 168
14 168
16 168
27 168
28 168
31 168
34 168
36 168
37 168
40 168
42 168
61 168
63 168
65 168
66 168
67 168
71 168
75 168
76 168
78 168
82 168
85 168
88 168
96 168
101 168
103 168
105 168
115 168
119 168
124 168
125 168
126 168
129 168
131 168
137 168
141 168
144 168
146 168
152 168
157 168
162 168
17 169
47 169
53 169
59 169
84 169
99 169
133 169
2 170
3 170
4 170
7 170
10 170
14 170
18 170
20 170
26 170
27 170
28 170
30 170
32 170
36 170
38 170
40 170
41 170
56 170
61 170
63 170
65 170
66 170
68 170
70 170
71 170
73 170
75 170
76 170
80 170
82 170
83 170
88 170
96 170
98 170
101 170
102 170
103 170
105 170
107 170
111 170
113 170
114 170
115 170
121 170
125 170
126 170
127 170
136 170
139 170
140 170
141 170
146 170
151 170
152 170
153 170
157 170
159 170
160 170
162 170
11 171
13 171
15 171
21 171
22 171
25 171
29 171
43 171
44 171
45 171
50 171
51 171
52 171
54 171
57 171
60 171
62 171
81 171
90 171
91 171
92 171
93 171
97 171
100 171
104 171
106 171
110 171
116 171
123 171
128 171
130 171
134 171
135 171
138 171
145 171
147 171
148 171
149 171
150 171
155 171
158 171
161 171
165 171
166 171
0 172
12 172
13 172
21 172
25 172
44 172
50 172
51 172
52 172
54 172
57 172
91 172
92 172
93 172
108 172
134 172
147 172
149 172
150 172
158 172
163 172
164 172
3 173
5 173
9 173
10 173
11 173
18 173
19 173
20 173
22 173
24 173
26 173
27 173
30 173
32 173
35 173
38 173
39 173
41 173
48 173
49 173
55 173
56 173
58 173
60 173
64 173
68 173
70 173
73 173
74 173
77 173
79 173
80 173
82 173
83 173
86 173
87 173
95 173
98 173
100 173
102 173
104 173
107 173
109 173
111 173
112 173
113 173
114 173
118 173
121 173
122 173
127 173
132 173
136 173
139 173
140 173
142 173
143 173
145 173
151 173
153 173
154 173
159 173
160 173
167 173
170 173
3 174
5 174
9 174
11 174
15 174
18 174
19 174
22 174
24 174
26 174
29 174
35 174
38 174
39 174
41 174
48 174
49 174
55 174
58 174
60 174
64 174
70 174
73 174
74 174
77 174
79 174
80 174
81 174
86 174
87 174
90 174
95 174
97 174
100 174
104 174
106 174
107 174
109 174
111 174
112 174
113 174
118 174
121 174
122 174
123 174
127 174
130 174
132 174
136 174
142 174
143 174
145 174
151 174
153 174
154 174
155 174
160 174
161 174
167 174
173 174
3 175
5 175
9 175
10 175
14 175
18 175
19 175
20 175
24 175
26 175
27 175
28 175
30 175
32 175
35 175
38 175
39 175
41 175
48 175
49 175
55 175
56 175
58 175
64 175
68 175
70 175
73 175
74 175
75 175
76 175
77 175
79 175
80 175
82 175
83 175
86 175
87 175
95 175
96 175
98 175
100 175
102 175
104 175
107 175
109 175
111 175
112 175
113 175
114 175
118 175
121 175
122 175
127 175
132 175
136 175
139 175
140 175
142 175
143 175
145 175
151 175
152 175
153 175
154 175
159 175
160 175
167 175
170 175
173 175
174 175
0 176
11 176
13 176
15 176
21 176
25 176
29 176
43 176
44 176
45 176
50 176
51 176
52 176
54 176
57 176
62 176
81 176
90 176
91 176
92 176
93 176
97 176
106 176
110 176
116 176
123 176
128 176
130 176
134 176
135 176
138 176
147 176
148 176
149 176
150 176
155 176
158 176
161 176
164 176
165 176
166 176
171 176
172 176
3 177
9 177
10 177
14 177
18 177
19 177
20 177
24 177
26 177
27 177
28 177
30 177
32 177
35 177
36 177
38 177
39 177
41 177
48 177
49 177
55 177
56 177
58 177
61 177
64 177
68 177
70 177
73 177
74 177
75 177
76 177
77 177
79 177
80 177
82 177
83 177
86 177
96 177
98 177
102 177
103 177
107 177
109 177
111 177
112 177
113 177
114 177
118 177
121 177
122 177
127 177
132 177
136 177
139 177
140 177
142 177
143 177
151 177
152 177
153 177
154 177
159 177
160 177
170 177
173 177
174 177
175 177
0 178
11 178
13 178
15 178
21 178
22 178
25 178
29 178
43 178
44 178
45 178
50 178
51 178
52 178
54 178
57 178
62 178
81 178
90 178
91 178
92 178
93 178
97 178
106 178
110 178
116 178
123 178
128 178
130 178
134 178
135 178
138 178
147 178
148 178
149 178
150 178
155 178
158 178
161 178
164 178
165 178
166 178
171 178
172 178
176 178
5 179
9 179
11 179
13 179
15 179
22 179
24 179
25 179
29 179
35 179
39 179
43 179
45 179
50 179
51 179
54 179
55 179
57 179
60 179
62 179
74 179
77 179
81 179
87 179
90 179
91 179
92 179
93 179
95 179
97 179
100 179
104 179
106 179
110 179
112 179
116 179
118 179
122 179
123 179
128 179
130 179
132 179
135 179
138 179
142 179
143 179
145 179
147 179
148 179
149 179
150 179
154 179
155 179
161 179
165 179
166 179
167 179
171 179
174 179
176 179
178 179
3 180
5 180
9 180
10 180
11 180
18 180
19 180
20 180
22 180
24 180
26 180
27 180
30 180
32 180
35 180
38 180
39 180
41 180
48 180
49 180
55 180
56 180
58 180
60 180
64 180
68 180
70 180
73 180
74 180
76 180
77 180
79 180
80 180
82 180
83 180
86 180
87 180
95 180
98 180
100 180
102 180
104 180
107 180
109 180
111 180
112 180
113 180
114 180
118 180
121 180
122 180
127 180
132 180
136 180
139 180
140 180
142 180
143 180
145 180
151 180
152 180
153 180
154 180
159 180
160 180
167 180
170 180
173 180
174 180
175 180
177 180
3 181
5 181
9 181
11 181
15 181
18 181
19 181
22 181
24 181
26 181
30 181
35 181
38 181
39 181
41 181
48 181
49 181
55 181
58 181
60 181
64 181
68 181
70 181
73 181
74 181
77 181
79 181
80 181
81 181
83 181
86 181
87 181
95 181
98 181
100 181
102 181
104 181
107 181
109 181
111 181
112 181
113 181
114 181
118 181
121 181
122 181
123 181
127 181
132 181
136 181
140 181
142 181
143 181
145 181
151 181
153 181
154 181
159 181
160 181
167 181
173 181
174 181
175 181
177 181
180 181
6 182
8 182
17 182
23 182
47 182
53 182
59 182
84 182
89 182
99 182
133 182
169 182
0 183
12 183
13 183
21 183
25 183
29 183
43 183
44 183
45 183
50 183
51 183
52 183
54 183
57 183
62 183
91 183
92 183
93 183
108 183
110 183
116 183
128 183
134 183
135 183
138 183
147 183
148 183
149 183
150 183
158 183
161 183
163 183
164 183
165 183
166 183
171 183
172 183
176 183
178 183
5 184
11 184
13 184
15 184
21 184
22 184
25 184
29 184
43 184
44 184
45 184
50 184
51 184
52 184
54 184
57 184
60 184
62 184
81 184
90 184
91 184
92 184
93 184
97 184
100 184
104 184
106 184
110 184
116 184
123 184
128 184
130 184
134 184
135 184
138 184
145 184
147 184
148 184
149 184
150 184
155 184
158 184
161 184
165 184
166 184
167 184
171 184
176 184
178 184
179 184
183 184
3 185
5 185
9 185
11 185
15 185
18 185
19 185
22 185
24 185
26 185
35 185
38 185
39 185
41 185
48 185
49 185
55 185
58 185
60 185
64 185
70 185
73 185
74 185
77 185
79 185
80 185
81 185
86 185
87 185
90 185
95 185
97 185
100 185
104 185
106 185
107 185
109 185
111 185
112 185
113 185
114 185
118 185
121 185
122 185
123 185
127 185
130 185
132 185
136 185
142 185
143 185
145 185
151 185
153 185
154 185
160 185
167 185
173 185
174 185
175 185
177 185
179 185
180 185
181 185
2 186
4 186
7 186
10 186
14 186
16 186
20 186
27 186
28 186
30 186
32 186
36 186
38 186
40 186
42 186
56 186
61 186
63 186
65 186
66 186
67 186
68 186
71 186
73 186
75 186
76 186
82 186
83 186
85 186
88 186
96 186
98 186
101 186
102 186
103 186
105 186
114 186
115 186
119 186
125 186
126 186
129 186
131 186
139 186
140 186
141 186
144 186
146 186
151 186
152 186
157 186
159 186
162 186
168 186
170 186
177 186
2 187
3 187
4 187
7 187
10 187
14 187
18 187
20 187
26 187
27 187
28 187
30 187
32 187
36 187
38 187
40 187
41 187
56 187
58 187
61 187
63 187
65 187
66 187
68 187
70 187
71 187
73 187
75 187
76 187
80 187
82 187
83 187
88 187
96 187
98 187
101 187
102 187
103 187
105 187
107 187
111 187
113 187
114 187
115 187
121 187
125 187
126 187
127 187
136 187
139 187
140 187
146 187
151 187
152 187
153 187
157 187
159 187
160 187
162 187
170 187
173 187
175 187
177 187
180 187
181 187
186 187
5 188
9 188
11 188
13 188
15 188
19 188
22 188
24 188
25 188
29 188
35 188
39 188
43 188
45 188
48 188
49 188
50 188
51 188
55 188
57 188
60 188
62 188
64 188
74 188
77 188
79 188
81 188
86 188
87 188
90 188
91 188
92 188
93 188
95 188
97 188
100 188
104 188
106 188
109 188
110 188
112 188
116 188
118 188
122 188
123 188
128 188
130 188
132 188
135 188
138 188
142 188
143 188
145 188
147 188
148 188
149 188
150 188
154 188
155 188
161 188
165 188
166 188
167 188
171 188
174 188
176 188
178 188
179 188
184 188
185 188
3 189
7 189
9 189
10 189
14 189
18 189
19 189
20 189
26 189
27 189
28 189
30 189
32 189
35 189
36 189
38 189
41 189
48 189
49 189
56 189
58 189
61 189
63 189
64 189
65 189
68 189
70 189
71 189
73 189
75 189
76 189
79 189
80 189
82 189
83 189
86 189
88 189
96 189
98 189
101 189
102 189
103 189
105 189
107 189
109 189
111 189
113 189
114 189
115 189
121 189
126 189
127 189
136 189
139 189
140 189
151 189
152 189
153 189
154 189
157 189
159 189
160 189
170 189
173 189
175 189
177 189
180 189
181 189
186 189
187 189
1 190
6 190
8 190
16 190
23 190
31 190
33 190
34 190
37 190
42 190
67 190
69 190
78 190
85 190
89 190
119 190
124 190
129 190
131 190
137 190
144 190
168 190
0 191
12 191
13 191
21 191
25 191
29 191
43 191
44 191
45 191
50 191
51 191
52 191
54 191
57 191
62 191
91 191
92 191
93 191
106 191
108 191
110 191
116 191
128 191
134 191
135 191
138 191
147 191
148 191
149 191
150 191
155 191
158 191
161 191
163 191
164 191
165 191
166 191
171 191
172 191
176 191
178 191
183 191
184 191
0 192
12 192
13 192
21 192
25 192
44 192
52 192
54 192
57 192
91 192
92 192
93 192
108 192
117 192
134 192
150 192
158 192
163 192
164 192
172 192
183 192
191 192
1 193
2 193
4 193
7 193
16 193
31 193
33 193
34 193
36 193
37 193
40 193
42 193
61 193
63 193
65 193
66 193
67 193
69 193
71 193
78 193
85 193
88 193
101 193
105 193
115 193
119 193
124 193
125 193
126 193
129 193
131 193
137 193
141 193
144 193
146 193
157 193
162 193
168 193
186 193
190 193
2 194
4 194
7 194
10 194
14 194
16 194
20 194
26 194
27 194
28 194
30 194
32 194
36 194
38 194
40 194
42 194
56 194
61 194
63 194
65 194
66 194
67 194
68 194
71 194
73 194
75 194
76 194
80 194
82 194
83 194
85 194
88 194
96 194
98 194
101 194
102 194
103 194
105 194
111 194
114 194
115 194
119 194
125 194
126 194
129 194
131 194
139 194
140 194
141 194
144 194
146 194
151 194
152 194
157 194
159 194
162 194
168 194
170 194
177 194
186 194
187 194
189 194
193 194
5 195
9 195
11 195
13 195
15 195
19 195
22 195
24 195
25 195
29 195
35 195
39 195
43 195
45 195
48 195
49 195
50 195
51 195
55 195
57 195
60 195
62 195
64 195
74 195
77 195
79 195
81 195
86 195
87 195
90 195
92 195
93 195
95 195
97 195
100 195
104 195
106 195
109 195
110 195
112 195
116 195
118 195
122 195
123 195
128 195
130 195
132 195
135 195
138 195
142 195
143 195
145 195
147 195
148 195
149 195
150 195
154 195
155 195
161 195
165 195
166 195
167 195
171 195
174 195
176 195
178 195
179 195
184 195
185 195
188 195
3 196
7 196
10 196
14 196
18 196
19 196
20 196
26 196
27 196
28 196
30 196
32 196
36 196
38 196
40 196
41 196
48 196
49 196
56 196
58 196
61 196
63 196
64 196
65 196
66 196
68 196
70 196
71 196
73 196
75 196
76 196
80 196
82 196
83 196
86 196
88 196
96 196
98 196
101 196
102 196
103 196
105 196
107 196
109 196
111 196
113 196
114 196
115 196
121 196
126 196
127 196
136 196
139 196
140 196
151 196
152 196
153 196
157 196
159 196
160 196
170 196
173 196
175 196
177 196
180 196
181 196
186 196
187 196
189 196
194 196
0 197
12 197
13 197
21 197
44 197
52 197
54 197
57 197
91 197
92 197
93 197
108 197
117 197
134 197
150 197
158 197
163 197
164 197
172 197
183 197
191 197
192 197
1 198
2 198
4 198
6 198
8 198
16 198
31 198
33 198
34 198
37 198
40 198
42 198
65 198
66 198
67 198
69 198
78 198
85 198
88 198
89 198
101 198
105 198
119 198
124 198
125 198
126 198
129 198
131 198
137 198
141 198
144 198
146 198
162 198
168 198
190 198
193 198
3 199
9 199
10 199
14 199
18 199
19 199
20 199
24 199
26 199
27 199
28 199
30 199
32 199
35 199
36 199
38 199
39 199
41 199
48 199
49 199
55 199
56 199
58 199
61 199
64 199
68 199
70 199
73 199
74 199
75 199
76 199
77 199
79 199
80 199
82 199
83 199
86 199
87 199
95 199
96 199
98 199
102 199
103 199
107 199
109 199
111 199
112 199
113 199
114 199
118 199
121 199
122 199
127 199
132 199
136 199
139 199
140 199
142 199
143 199
151 199
152 199
153 199
154 199
159 199
160 199
167 199
170 199
173 199
174 199
175 199
177 199
180 199
181 199
185 199
187 199
189 199
194 199
196 199